    71    71     1
    0.189715 -7.73455e-06  -0.00327857   -0.0091728 -0.000485751  -0.00376232  -0.00521846  -0.00160628  -0.00828146 -1.60757e-05  -0.00759135  -0.00155895  8.35378e-05  -0.00113537  -0.00094824  -0.00404499  -5.6808e-05  -0.00262469 -0.000120596   0.00156172  -0.00980467  0.000304368   -0.0071698  -0.00359139  7.69576e-05 -2.09247e-05  1.92387e-06   -0.0182314  -0.00212733  -0.00100422   0.00129877  6.31423e-06   0.00234271  -0.00806946  -0.00142903  -0.00203337    0.0022233  -0.00309735   -0.0116417   0.00021024  -0.00800515   -0.0003155   -0.0181096   -0.0104639  -0.00466524  0.000252288  0.000108881 -8.44518e-05  -0.00101708  -0.00962907  -0.00180616  -6.0404e-05  -0.00157795 -3.42049e-05 -0.000912435  -0.00185352  -0.00197989  7.79196e-05 -0.000835922  -0.00423016 -0.000567943  -0.00159099 -0.000795653  2.17653e-05  2.06573e-05 -0.000865856 -0.000562468  -0.00272623  -0.00197819   -0.0112553  0.000284893
-7.73455e-06      0.20373 -7.30459e-05 -0.000268025  -1.1527e-05 -0.000255242 -0.000246851  3.44615e-05  -0.00036277  5.61244e-08 -0.000279354  7.23734e-05  5.92882e-05 -9.85052e-06  6.75552e-06 -2.04126e-06  5.48533e-05  6.36985e-05   4.1097e-06 -0.000602831 -0.000395772  5.54992e-05 -0.000384416  0.000278466 -0.000327441  1.24568e-05 -2.45967e-06 -0.000514969 -0.000123385  0.000106238 -0.000844875  7.42013e-05  -0.00100867 -0.000500886  0.000108292 -0.000104503 -0.000947588 -0.000201116 -0.000713916  5.18643e-05 -0.000298531  0.000285318  -0.00040217  -0.00066703 -0.000254882  -0.00010785  2.62549e-06  3.42045e-05  0.000235722 -0.000119807  0.000284876  2.48356e-06 -3.51872e-06  5.22499e-06  0.000121795  0.000199447  0.000224368   3.8697e-06  7.16406e-05 -0.000262308  4.29785e-05  0.000144409  6.14757e-05 -1.29616e-06  8.18258e-05  0.000197022   7.7501e-05   0.00025196  7.73546e-05 -0.000293171  4.34443e-05
 -0.00327857 -7.30459e-05     0.202714  -0.00372724 -0.000192458  0.000343984  0.000100861 -0.000387362 -1.22944e-05 -9.06728e-06  -0.00321831  -0.00021762 -4.96746e-05 -0.000115825 -0.000230828 -0.000525917  5.27677e-05 -0.000297977 -5.53332e-05 -0.000132717 -4.52703e-05  9.11572e-05 -0.000803045 -0.000761596 -0.000321839  1.35428e-05 -5.79567e-06  -0.00687532  0.000120423 -0.000165963 -0.000430934   1.8516e-05 -0.000260452 -0.000965316 -0.000256111 -4.48537e-05 -0.000261529  -0.00133401  -0.00139876 -0.000138142 -0.000944578 -0.000287219  -0.00721707  -0.00126265 -0.000573321 -0.000246215   2.5108e-05  2.33786e-05 -0.000393828  -0.00350271 -0.000445715 -2.13863e-06 -0.000194132 -1.53757e-05 -0.000218063 -0.000305929 -0.000427987  2.46459e-05 -8.85438e-05 -0.000493987 -4.67272e-05 -0.000344135 -0.000186044  2.59586e-06  7.54363e-05 -0.000271241 -9.74581e-05 -0.000406808 -0.000470032   -0.0021313  8.72496e-05
  -0.0091728 -0.000268025  -0.00372724     0.189923 -0.000579863   0.00256144   0.00157795 -0.000825629   0.00179418   2.1961e-05   -0.0113323 -0.000307776   5.0574e-05 -0.000199813 -0.000522677 -0.000947959  0.000117277 -0.000469845  0.000347208 -0.000641582    0.0015036  0.000327714  0.000512982  -0.00220231  -0.00113717  2.47055e-05   7.6688e-05   -0.0239225   0.00109685 -0.000475182  -0.00166574  0.000194115  -0.00118892  -0.00207016 -0.000372626  0.000275408  -0.00110483  -0.00446457  -0.00300112 -0.000193278  -0.00190944  -0.00028184   -0.0236519  -0.00273864  -0.00119983  -0.00048857  6.56991e-05   4.1437e-05 -0.000511041   -0.0110947 -0.000540806 -1.07992e-05 -0.000311063  0.000277819 -0.000283319 -0.000325711 -0.000582959  6.08636e-05 -4.27141e-05  -0.00103917  2.06908e-05 -0.000512734 -0.000305045  7.87376e-06  0.000353091 -0.000316841 -5.48491e-05 -0.000466214 -0.000924318  -0.00516413  0.000288803
-0.000485751  -1.1527e-05 -0.000192458 -0.000579863      0.20366  0.000120965  6.47957e-05 -6.55221e-05  6.99761e-05 -9.53654e-05  -0.00103083 -2.23525e-05  3.33607e-06 -1.29458e-05 -4.21621e-05 -7.55981e-05  3.09816e-05 -4.18248e-05 -0.000942286  1.04336e-05  5.14591e-05  2.43048e-05  1.91479e-05 -0.000117536 -7.69399e-05  1.74919e-05 -0.000168637  -0.00101275  5.04186e-05 -2.61383e-05 -8.20924e-05  1.55049e-05  -6.3995e-05 -0.000117051 -2.62263e-05  8.67306e-06 -5.29665e-05 -0.000181087 -0.000170294   1.1837e-05 -0.000121717  5.84802e-07  -0.00117003 -0.000155681 -6.87572e-05  -2.3337e-05  6.20676e-06  2.70854e-05 -3.06317e-05 -0.000558855 -3.41373e-05  1.00089e-05 -1.78652e-05 -0.000571358 -1.74047e-05  -1.6547e-05 -3.91615e-05  9.34171e-06  8.17427e-06 -5.85141e-05  7.83245e-06 -4.62115e-05 -2.36126e-05  2.40183e-06  3.55229e-05 -1.23209e-05 -1.46118e-05 -3.49773e-05 -8.57502e-05 -0.000284547  2.38819e-05
 -0.00376232 -0.000255242  0.000343984   0.00256144  0.000120965     0.197437  -0.00714739  -0.00099589   -0.0105617  6.10164e-06   0.00233917   -0.0014611  8.67334e-05  -0.00086744 -0.000559941  -0.00339998  7.73765e-05   -0.0020627  6.20489e-05 -0.000281545   -0.0122302  4.23138e-05  -0.00667183 -8.09837e-05 -2.53291e-06  2.62292e-05 -2.78577e-06   0.00307558  -0.00328661 -5.07462e-06 -0.000217318 -0.000156994 -0.000355926  -0.00647861    -0.001304  -0.00243957 -0.000459143  0.000645693  -0.00932587 -0.000347125  -0.00624884 -0.000784352   0.00477976   -0.0083638  -0.00382967 -0.000736997   7.5041e-05  1.95867e-05  -0.00145496    0.0016485  -0.00193528   1.7462e-05  -0.00142905  2.38427e-05 -0.000846066  -0.00178112  -0.00184558  6.29411e-05 -0.000925281  -0.00343784 -0.000656643  -0.00136585 -0.000606357  4.44105e-05 -0.000329087 -0.000987995 -0.000592756  -0.00250591  -0.00132651  -0.00586186   4.1508e-05
 -0.00521846 -0.000246851  0.000100861   0.00157795  6.47957e-05  -0.00714739     0.195774  -0.00130501   -0.0120521  1.68572e-06   0.00162997    -0.001734 -1.29505e-05  -0.00105582  -0.00073197  -0.00403644  5.09322e-05  -0.00255505   1.6526e-05  -7.9975e-05   -0.0141048  5.84563e-05  -0.00727126 -0.000439962  5.63168e-05  1.54158e-05 -8.12574e-06   0.00140584  -0.00366764 -0.000110561  2.37291e-05 -0.000214418 -1.86894e-05  -0.00756728  -0.00157702  -0.00278716 -0.000136798  0.000439323   -0.0109011 -0.000357595  -0.00741513 -0.000914431    0.0036087  -0.00977144  -0.00447014 -0.000748221  8.69561e-05 -2.38349e-06  -0.00170837  0.000994065  -0.00234797   4.7343e-07  -0.00167301 -8.22029e-07  -0.00106402  -0.00217604  -0.00227516  7.10057e-05  -0.00107476  -0.00401089 -0.000759873  -0.00170553 -0.000788409  4.04278e-05 -0.000353906  -0.00120489 -0.000726443  -0.00307406  -0.00172672  -0.00713544  6.20485e-05
 -0.00160628  3.44615e-05 -0.000387362 -0.000825629 -6.55221e-05  -0.00099589  -0.00130501     0.188136  -0.00187497   6.7939e-06 -0.000758204  0.000769337  -0.00107934  -0.00103853  -0.00703685 -0.000972689 -8.22243e-05  -0.00336247 -0.000109097 -0.000599142  -0.00225386  -0.00131289  -0.00138374 -0.000119874 -0.000197003  2.68904e-05 -1.22087e-07  -0.00172624 -0.000503496  5.57863e-05 -0.000373678  -0.00959965 -0.000547781  0.000378142   0.00398682 -0.000329596 -0.000566236 -0.000367745  0.000379011 -0.000804199  -0.00252507  -0.00210599  -0.00145974  0.000387552  0.000778078  -0.00133773 -0.000856493 -2.83259e-05  -0.00296388 -0.000843761  -0.00495649  8.20118e-05   0.00097143 -6.35282e-05  -0.00678681  -0.00105516  -0.00549824  5.34776e-05   0.00318542  0.000200468   0.00103569  -0.00303511  -0.00891244  -0.00148745   0.00123505  -0.00401857   0.00478986  -0.00350112   -0.0129753  -0.00168777  -0.00110778
 -0.00828146  -0.00036277 -1.22944e-05   0.00179418  6.99761e-05   -0.0105617   -0.0120521  -0.00187497     0.185971  1.72264e-06   0.00197138  -0.00255719  8.34521e-05  -0.00156814  -0.00106041  -0.00600726  8.39863e-05  -0.00374018  2.48504e-05 -1.10436e-05   -0.0209909   0.00011761   -0.0108688 -0.000822712  9.11379e-05  2.47615e-05 -1.19761e-05   0.00109678  -0.00543133 -0.000215037  0.000108464 -0.000262704  0.000111244   -0.0114525  -0.00230097  -0.00415395 -6.96072e-05  0.000484272   -0.0164941 -0.000472508   -0.0111479  -0.00127209   0.00434298   -0.0147935  -0.00675151  -0.00102465  0.000135141  1.29909e-06  -0.00243082  0.000971916  -0.00336133 -1.74264e-06  -0.00249789  1.41871e-06  -0.00150394   -0.0031484  -0.00326688  0.000104832  -0.00159391  -0.00606797  -0.00112291  -0.00243867  -0.00110937  6.93339e-05 -0.000508187  -0.00170955  -0.00102814   -0.0044503  -0.00246114   -0.0109134  0.000111916
-1.60757e-05  5.61244e-08 -9.06728e-06   2.1961e-05 -9.53654e-05  6.10164e-06  1.68572e-06   6.7939e-06  1.72264e-06     0.203831 -0.000232918 -6.22949e-06 -9.40393e-07  1.33585e-06  2.11502e-06 -3.60016e-06  0.000298167  5.43965e-07 -0.000444177  0.000299565 -7.89973e-07 -2.31488e-06  1.23194e-05 -3.07132e-06  1.93559e-05  0.000147908 -0.000112068  3.76185e-05  2.17294e-06  6.92891e-07 -1.05728e-05 -6.21685e-06  0.000153212  1.13032e-06 -9.42262e-06   3.7087e-07 -1.68824e-05 -1.39754e-05   2.1831e-06  0.000165826  1.52762e-06  0.000215022 -3.03812e-05  1.91683e-06 -8.98979e-07 -2.37745e-05  2.72321e-05   0.00016569 -3.75833e-05 -1.72005e-05 -3.37417e-05  0.000183512 -3.66823e-06 -0.000270486  5.54651e-05   -1.746e-05 -2.39572e-05  7.99335e-05 -4.93398e-06  8.18419e-07 -3.03105e-06 -1.54109e-05  3.50532e-05  5.29696e-05 -3.94084e-06  0.000126555 -5.40352e-06 -1.69497e-05 -1.40462e-05 -1.08039e-05 -1.90088e-06
 -0.00759135 -0.000279354  -0.00321831   -0.0113323  -0.00103083   0.00233917   0.00162997 -0.000758204   0.00197138 -0.000232918     0.193064 -0.000218553  4.65907e-05 -0.000121755 -0.000481009 -0.000692109  5.60788e-05 -0.000308925  -0.00226823 -0.000888247   0.00192561  0.000318233   0.00020693  -0.00171379   -0.0012021  2.38477e-05 -0.000381936   -0.0197029   0.00102805 -0.000338038  -0.00183934  0.000194266  -0.00161785  -0.00152626 -0.000296544  0.000330321  -0.00143106  -0.00375969   -0.0022155 -0.000251517  -0.00137058 -0.000306466   -0.0203377  -0.00203261 -0.000887754 -0.000575257  6.13992e-05  3.50553e-05 -0.000500098  -0.00953952 -0.000479399 -8.10683e-06 -0.000213575  -0.00132671 -0.000244655 -0.000235695  -0.00049651  5.65232e-05  7.77303e-06 -0.000757313  5.69499e-05 -0.000434505 -0.000270294  8.21415e-06  0.000356631 -0.000295524 -1.50131e-05 -0.000321477 -0.000828322  -0.00427968  0.000280138
 -0.00155895  7.23734e-05  -0.00021762 -0.000307776 -2.23525e-05   -0.0014611    -0.001734  0.000769337  -0.00255719 -6.22949e-06 -0.000218553     0.197706  0.000146415   -0.0016689  0.000257178   -0.0111762    8.985e-05   -0.0084225 -1.65421e-06 -0.000318142  -0.00298421  0.000616702  -0.00169786 -0.000116897 -0.000103521  4.36826e-05 -9.28192e-06 -0.000865431 -0.000750934  9.38186e-05 -0.000195315   0.00139155 -0.000253097   0.00119246  -0.00376071 -0.000396252 -0.000496825 -0.000172607   0.00159023 -0.000868439  -0.00421204  -0.00186914 -0.000443926   0.00226876   -0.0012353  -0.00186988   6.6426e-05  3.76562e-05  -0.00386897 -0.000374606  -0.00429405  6.42237e-05  -0.00359446  1.86237e-06 -0.000973899  -0.00480315  -0.00295876  7.72643e-05  -0.00455541  0.000622582  -0.00254378 -0.000923949  0.000107726  5.34724e-05  -0.00218941  -0.00191768 -0.000338043   -0.0104524    0.0018147  -0.00184609   0.00013042
 8.35378e-05  5.92882e-05 -4.96746e-05   5.0574e-05  3.33607e-06  8.67334e-05 -1.29505e-05  -0.00107934  8.34521e-05 -9.40393e-07  4.65907e-05  0.000146415  9.17223e-05  3.78759e-05 -0.000706562  2.35432e-05  6.24355e-05 -8.19692e-05  6.79154e-06   4.0272e-05  2.33126e-05   0.00058094  5.55679e-05  5.90625e-05  1.42093e-05  2.64122e-06 -2.85657e-06  0.000130036   6.9932e-05  8.45786e-07 -2.45132e-05  0.000400799 -1.27207e-05   0.00016835 -8.07408e-05  1.74629e-05 -2.24362e-05 -3.00821e-05  0.000161406  8.87518e-05 -6.77004e-05   4.2206e-05  0.000124214  0.000108242   0.00011972  7.32728e-05  8.21645e-05  2.48536e-06 -3.96847e-05  7.12184e-06 -4.87254e-05 -4.91964e-05  0.000205706  2.57294e-06 -0.000131605  0.000164783 -0.000232195  7.30257e-05  0.000386025  0.000110752   0.00036573  -0.00032849 -0.000303129 -1.18211e-05  0.000801163 -6.43573e-05  0.000168341   0.00016952  -0.00110133  7.74664e-05  0.000515018
 -0.00113537 -9.85052e-06 -0.000115825 -0.000199813 -1.29458e-05  -0.00086744  -0.00105582  -0.00103853  -0.00156814  1.33585e-06 -0.000121755   -0.0016689  3.78759e-05      0.20252 -0.000501269  -0.00257159 -1.04198e-05  -0.00500859  1.96238e-06  0.000212819  -0.00185049 -0.000326947  -0.00100943 -0.000213755  3.60232e-05 -1.51692e-05  2.10848e-06 -0.000565306 -0.000451572 -6.45151e-05  8.52315e-05 -0.000597949  0.000184192  0.000233745  -0.00195359 -0.000278495  0.000172911  -6.7808e-05  0.000236061  0.000884213  -0.00268362   0.00129942 -0.000329985  0.000504658 -7.65624e-05  0.000272805  4.97451e-05 -2.12199e-05 -0.000388047 -0.000289797  -0.00236351 -4.79734e-05 -0.000864234  1.80274e-06  -0.00111745  -0.00350077  -0.00280732  9.09857e-06  -0.00132552  0.000119782  -0.00079663  -0.00202794 -0.000834578  4.53779e-05 -0.000850699 -0.000548503  -0.00103471  -0.00544904  -0.00160055  -0.00118237 -0.000260626
 -0.00094824  6.75552e-06 -0.000230828 -0.000522677 -4.21621e-05 -0.000559941  -0.00073197  -0.00703685  -0.00106041  2.11502e-06 -0.000481009  0.000257178 -0.000706562 -0.000501269     0.200731 -0.000614536 -6.96383e-05   -0.0016438  -7.1761e-05 -0.000348671  -0.00127286 -0.000593352 -0.000788058 -7.72499e-05 -0.000122239 -1.01139e-05 -2.44122e-07  -0.00107458 -0.000284876  2.43207e-05 -0.000227019  -0.00425836  -0.00033159  3.02273e-05   0.00163171 -0.000198129 -0.000321411 -0.000223846 -3.63819e-05 -0.000421473  -0.00133115   -0.0010493 -0.000925499 -5.95466e-06   0.00025199 -0.000676003 -0.000326304 -3.56696e-05  -0.00146258 -0.000520753  -0.00238055  1.85983e-06  0.000381089 -4.18026e-05  -0.00301092 -0.000605335  -0.00262292  1.97224e-05   0.00140036  1.76187e-05  0.000446194  -0.00155626  -0.00391901 -0.000584227   0.00056575  -0.00187603   0.00196406  -0.00175646  -0.00597602 -0.000981014 -0.000481546
 -0.00404499 -2.04126e-06 -0.000525917 -0.000947959 -7.55981e-05  -0.00339998  -0.00403644 -0.000972689  -0.00600726 -3.60016e-06 -0.000692109   -0.0111762  2.35432e-05  -0.00257159 -0.000614536     0.175857  5.51067e-05   -0.0146458 -2.87054e-05 -0.000281112  -0.00702997  8.35213e-05  -0.00400479 -0.000494049 -0.000172755  1.25051e-05 -7.57327e-06    -0.002464  -0.00175394 -9.01269e-06 -0.000316864  8.33562e-05 -0.000314568 -0.000121038  -0.00158671  -0.00112593 -0.000507901  -0.00041488 -0.000358313 -0.000335299    -0.010694 -0.000599947  -0.00152734   0.00122656  -0.00397664  -0.00150157  5.88277e-05  2.21532e-05  -0.00299392  -0.00112217 -0.000506825 -1.71692e-05  -0.00636661 -8.95359e-06   1.8011e-05  0.000474319   0.00128939  6.97197e-05  -0.00318716 -6.38876e-05  -0.00276001 -0.000415411 -0.000242034 -5.41392e-06  -0.00101169 -0.000403671  -0.00103134   -0.0135614  -0.00141689  -0.00451463  1.05195e-05
 -5.6808e-05  5.48533e-05  5.27677e-05  0.000117277  3.09816e-05  7.73765e-05  5.09322e-05 -8.22243e-05  8.39863e-05  0.000298167  5.60788e-05    8.985e-05  6.24355e-05 -1.04198e-05 -6.96383e-05  5.51067e-05     0.196146  -1.9617e-05  0.000199292  -0.00646366  7.41381e-05  9.65754e-05  0.000116374 -0.000114342 -0.000655404  -0.00224276  0.000799846  0.000191405  3.86817e-05 -6.08616e-05  0.000386608  8.84328e-05  -0.00361198  3.73588e-05  8.39908e-05  1.77973e-05  0.000547825  0.000675081  4.26117e-05  -0.00246006 -1.73476e-05 -0.000323998  0.000114302  3.06634e-05  4.92962e-05  0.000327563 -5.53369e-06   -0.0050292  0.000311979   5.1434e-05  0.000261457 -0.000692684  7.15683e-05  0.000116883  3.83623e-05  0.000164252  0.000165779 -0.000260531  0.000117346  2.31009e-05  9.00278e-05  7.58519e-05  2.87952e-05  -4.8337e-05  0.000154939   1.1663e-05  7.76855e-05  0.000167142 -6.01188e-05  5.56941e-05  8.39497e-05
 -0.00262469  6.36985e-05 -0.000297977 -0.000469845 -4.18248e-05   -0.0020627  -0.00255505  -0.00336247  -0.00374018  5.43965e-07 -0.000308925   -0.0084225 -8.19692e-05  -0.00500859   -0.0016438   -0.0146458  -1.9617e-05     0.183732 -2.43527e-05  0.000369239  -0.00441831  -0.00104216  -0.00240765 -0.000426235   3.7521e-05 -4.58066e-05  6.52755e-07  -0.00130928  -0.00106319 -6.43421e-05  7.01446e-05  -0.00178827  0.000267528   0.00335739  -0.00738725 -0.000475417  0.000144362 -0.000182763     0.004436   0.00230968  -0.00936614   0.00316805 -0.000734231   0.00540635  0.000132731 -8.12937e-05  0.000174833 -5.67707e-05  -0.00300039 -0.000673275  -0.00899783 -0.000148778  -0.00430652 -1.19753e-05  -0.00397468   -0.0123629  -0.00972307  4.50312e-05  -0.00569477   0.00175988  -0.00350729  -0.00699941  -0.00279271  0.000158396  -0.00344032  -0.00255018  -0.00371092   -0.0221719  -0.00514796  -0.00278961 -0.000903541
-0.000120596   4.1097e-06 -5.53332e-05  0.000347208 -0.000942286  6.20489e-05   1.6526e-05 -0.000109097  2.48504e-05 -0.000444177  -0.00226823 -1.65421e-06  6.79154e-06  1.96238e-06  -7.1761e-05 -2.87054e-05  0.000199292 -2.43527e-05     0.199506  0.000240464  9.86344e-07  5.76258e-05  0.000118116 -3.35702e-05 -0.000102511  9.76193e-05 -0.000796619  0.000574156  2.51552e-05 -8.70196e-06 -3.35337e-05  3.76438e-05 -1.92924e-05 -2.37957e-05 -1.47862e-05  1.66797e-06 -2.94797e-05  0.000141568 -3.67853e-05  0.000116731  -4.3046e-05  6.31615e-05 -0.000152779  -4.0023e-05 -1.13295e-05 -7.24883e-06  1.79661e-05  0.000169281 -2.25767e-05  -9.8989e-05 -2.92508e-05   5.3404e-05  7.02369e-06  -0.00267445  3.44481e-06 -1.10455e-06 -3.59227e-05  3.07554e-05  3.37182e-05 -9.31271e-06  3.33036e-05  -4.1509e-05 -2.01634e-05  1.74536e-05  7.78505e-05  2.08352e-05  1.34986e-05   -6.461e-06 -0.000118987 -7.41201e-05  5.11163e-05
  0.00156172 -0.000602831 -0.000132717 -0.000641582  1.04336e-05 -0.000281545  -7.9975e-05 -0.000599142 -1.10436e-05  0.000299565 -0.000888247 -0.000318142   4.0272e-05  0.000212819 -0.000348671 -0.000281112  -0.00646366  0.000369239  0.000240464      0.19448  0.000123857  0.000160573 -0.000668967   0.00170121  -0.00228404  -0.00219287  0.000712043  -0.00108923 -8.21659e-05  0.000700997  -0.00401822  8.06712e-05   -0.0086511 -6.06468e-05 -0.000490682 -2.28149e-05   -0.0047958 -0.000237748 -9.45465e-05  -0.00413763  0.000354699  -0.00354088 -0.000818155 -0.000105465 -0.000200994  -0.00224608  -0.00010435  -0.00403034  -0.00185842  0.000100758  -0.00140233   -0.0013733 -0.000179915  0.000152706  -0.00091708 -0.000515015 -0.000960466 -0.000541159 -0.000207329 -2.25659e-05 -7.94525e-05 -0.000607547 -0.000511183 -0.000282867  4.97776e-05  -0.00195078 -0.000135401 -0.000420053 -0.000585688   0.00011109  0.000130149
 -0.00980467 -0.000395772 -4.52703e-05    0.0015036  5.14591e-05   -0.0122302   -0.0141048  -0.00225386   -0.0209909 -7.89973e-07   0.00192561  -0.00298421  2.33126e-05  -0.00185049  -0.00127286  -0.00702997  7.41381e-05  -0.00441831  9.86344e-07  0.000123857     0.179155  0.000135562   -0.0121713  -0.00106191  0.000167663  1.98916e-05 -1.75542e-05  0.000618298  -0.00630562 -0.000289159  0.000308174 -0.000330187   0.00035316   -0.0134176  -0.00269753  -0.00486276  0.000143601  0.000530625   -0.0193277 -0.000518266   -0.0130978  -0.00146784   0.00482586   -0.0173358  -0.00790207  -0.00112187  0.000155724 -1.32736e-05  -0.00281833   0.00105051  -0.00394203 -1.29702e-05  -0.00291362 -1.38928e-05  -0.00178719  -0.00370184  -0.00385338  0.000119795   -0.0018444  -0.00710815  -0.00130207  -0.00289366  -0.00133377  7.36224e-05 -0.000574284  -0.00200752  -0.00121884  -0.00523336  -0.00296124   -0.0127276  0.000132587
 0.000304368  5.54992e-05  9.11572e-05  0.000327714  2.43048e-05  4.23138e-05  5.84563e-05  -0.00131289   0.00011761 -2.31488e-06  0.000318233  0.000616702   0.00058094 -0.000326947 -0.000593352  8.35213e-05  9.65754e-05  -0.00104216  5.76258e-05  0.000160573  0.000135562     0.201899  0.000138925  4.69428e-05  7.55856e-05  4.79792e-05  -2.7731e-06  0.000610431  3.03538e-05  2.67741e-05  0.000125016  -0.00220254  0.000191349  0.000841468  -0.00084641  7.81732e-05  7.84495e-05  0.000112671   0.00115682  1.58123e-05 -0.000391263 -0.000204856   0.00061356    0.0010428  0.000828726 -0.000260777  9.65703e-05  3.86891e-05  -0.00074781  0.000290077  -0.00155736  6.26783e-05  0.000741695  3.29136e-05  -0.00136386 -0.000612443  -0.00228494  3.42056e-05   0.00217586  0.000440026   0.00068073  -0.00465828  -0.00133323   0.00016002  0.000556657 -0.000887925  -0.00462168  -0.00104317  -0.00609141  0.000251575  -0.00089124
  -0.0071698 -0.000384416 -0.000803045  0.000512982  1.91479e-05  -0.00667183  -0.00727126  -0.00138374   -0.0108688  1.23194e-05   0.00020693  -0.00169786  5.55679e-05  -0.00100943 -0.000788058  -0.00400479  0.000116374  -0.00240765  0.000118116 -0.000668967   -0.0121713  0.000138925     0.194523 -0.000721312 -0.000423326   3.1491e-05  1.60559e-05  -0.00208463  -0.00341095  -0.00012321 -0.000939145 -0.000133399 -0.000993294  -0.00766962  -0.00155168  -0.00256202  -0.00106979 -0.000591296   -0.0110456 -0.000495834    -0.007374  -0.00100853  -0.00194993  -0.00991464  -0.00452653  -0.00104376  0.000100252  3.42969e-05  -0.00180789  -0.00179128  -0.00234389  7.10831e-06  -0.00165976  7.15851e-05  -0.00104835  -0.00207926  -0.00224854  8.40139e-05  -0.00102705  -0.00405296 -0.000718525  -0.00168438 -0.000784806  4.68546e-05 -0.000264336  -0.00123016 -0.000665943  -0.00292303  -0.00177066  -0.00848058  0.000134289
 -0.00359139  0.000278466 -0.000761596  -0.00220231 -0.000117536 -8.09837e-05 -0.000439962 -0.000119874 -0.000822712 -3.07132e-06  -0.00171379 -0.000116897  5.90625e-05 -0.000213755 -7.72499e-05 -0.000494049 -0.000114342 -0.000426235 -3.35702e-05   0.00170121  -0.00106191  4.69428e-05 -0.000721312     0.202376  0.000646463 -3.36917e-05  6.63428e-06  -0.00424273 -0.000114612 -0.000510056   0.00195537  3.00389e-05   0.00260524  -0.00116221 -5.87128e-05 -0.000208693   0.00251532 -0.000504373  -0.00167922  0.000493777  -0.00128166  0.000427204  -0.00451842  -0.00150553 -0.000619264  0.000906746  5.78543e-06 -7.78658e-05  0.000429589  -0.00250855  0.000175153 -4.17449e-05 -0.000163954 -1.35935e-05  2.66654e-05 -7.98672e-05  1.35621e-05 -8.18411e-06 -4.34937e-05 -0.000607447 -3.58004e-05 -3.55112e-05 -2.79045e-05 -7.16479e-06   4.0271e-05  0.000165034 -6.58705e-06 -0.000204312  -0.00012744  -0.00209362  4.41921e-05
 7.69576e-05 -0.000327441 -0.000321839  -0.00113717 -7.69399e-05 -2.53291e-06  5.63168e-05 -0.000197003  9.11379e-05  1.93559e-05   -0.0012021 -0.000103521  1.42093e-05  3.60232e-05 -0.000122239 -0.000172755 -0.000655404   3.7521e-05 -0.000102511  -0.00228404  0.000167663  7.55856e-05 -0.000423326  0.000646463     0.202977 -0.000222187  5.51254e-05  -0.00202752  1.41246e-05  0.000287049  -0.00205787   4.7993e-05  -0.00290441 -0.000286568 -0.000134295 -4.98705e-06  -0.00237452 -0.000595489 -0.000412061 -0.000741774 -0.000101631 -0.000569445  -0.00199145 -0.000385598 -0.000208614 -0.000871133  6.24931e-06 -0.000413783 -0.000507076 -0.000727456 -0.000351639 -0.000123499 -7.91827e-05 -5.39037e-05 -0.000162829 -0.000117113 -0.000246985  -3.6157e-05 -4.29824e-05 -0.000143822 -1.32308e-05 -0.000170879  -0.00010352 -1.78667e-05  5.48126e-05 -0.000327261 -2.92622e-05 -0.000117264 -0.000214267 -0.000349554  6.27515e-05
-2.09247e-05  1.24568e-05  1.35428e-05  2.47055e-05  1.74919e-05  2.62292e-05  1.54158e-05  2.68904e-05  2.47615e-05  0.000147908  2.38477e-05  4.36826e-05  2.64122e-06 -1.51692e-05 -1.01139e-05  1.25051e-05  -0.00224276 -4.58066e-05  9.76193e-05  -0.00219287  1.98916e-05  4.79792e-05   3.1491e-05 -3.36917e-05 -0.000222187       0.2027  0.000271954  4.03975e-05  1.40419e-05 -2.18281e-05  0.000107233   3.6946e-05  -0.00118971 -5.58277e-06  5.08735e-05  4.02973e-06  0.000169716  0.000213563  -1.4983e-05  -0.00127718 -4.61074e-05  -0.00181209  2.16045e-05 -1.69125e-05  1.23217e-05  0.000179911  8.71767e-05  -0.00118952  0.000244393  8.36141e-06  0.000183763  -0.00163424  3.54883e-05   5.6795e-05  8.74295e-05  9.11646e-05  9.57014e-05 -0.000685207   6.4929e-05 -2.77661e-06  4.69453e-05  3.93394e-05  0.000290591  6.16904e-05  8.30463e-05 -0.000971479  4.58686e-05   7.9586e-05 -4.10419e-05  1.43757e-05  4.40927e-05
 1.92387e-06 -2.45967e-06 -5.79567e-06   7.6688e-05 -0.000168637 -2.78577e-06 -8.12574e-06 -1.22087e-07 -1.19761e-05 -0.000112068 -0.000381936 -9.28192e-06 -2.85657e-06  2.10848e-06 -2.44122e-07 -7.57327e-06  0.000799846  6.52755e-07 -0.000796619  0.000712043 -1.75542e-05  -2.7731e-06  1.60559e-05  6.63428e-06  5.51254e-05  0.000271954      0.20367  0.000133963 -2.37133e-06  4.34771e-06 -3.05893e-05 -6.04748e-06  0.000377691  -3.5328e-06 -1.13665e-05 -2.80043e-06 -4.65796e-05 -3.12536e-05 -4.08144e-06  0.000304267 -8.81161e-07  0.000160559  1.93627e-05 -3.95526e-06  -4.4312e-06 -3.51572e-05    1.684e-05  0.000508108 -4.34838e-05  4.25426e-06 -3.81095e-05  0.000166405 -6.01293e-06 -0.000485296  2.93068e-05 -1.98185e-05 -2.64628e-05  6.98614e-05 -7.15752e-06 -1.76353e-06  -4.5296e-06 -1.65121e-05   1.4785e-05  3.43496e-05 -5.57544e-06  7.70766e-05 -6.88119e-06 -1.97603e-05 -1.36291e-05 -7.00341e-06 -2.25455e-06
  -0.0182314 -0.000514969  -0.00687532   -0.0239225  -0.00101275   0.00307558   0.00140584  -0.00172624   0.00109678  3.76185e-05   -0.0197029 -0.000865431  0.000130036 -0.000565306  -0.00107458    -0.002464  0.000191405  -0.00130928  0.000574156  -0.00108923  0.000618298  0.000610431  -0.00208463  -0.00424273  -0.00202752  4.03975e-05  0.000133963     0.161521   0.00121029 -0.000928711  -0.00291218  0.000324283  -0.00201142  -0.00525442 -0.000947487 -1.05629e-05  -0.00187553  -0.00804219  -0.00760075 -0.000385195   -0.0049068 -0.000633174   -0.0428452  -0.00690106  -0.00304816 -0.000953398  0.000133098  5.53046e-05  -0.00118275    -0.020437  -0.00136455 -2.09703e-05 -0.000879334  0.000465208  -0.00069228 -0.000965722  -0.00144004  0.000122427 -0.000271877  -0.00267949 -0.000103634   -0.0012131 -0.000688187  1.87103e-05  0.000573484 -0.000767326 -0.000211294  -0.00137308  -0.00196015   -0.0112784   0.00054265
 -0.00212733 -0.000123385  0.000120423   0.00109685  5.04186e-05  -0.00328661  -0.00366764 -0.000503496  -0.00543133  2.17294e-06   0.00102805 -0.000750934   6.9932e-05 -0.000451572 -0.000284876  -0.00175394  3.86817e-05  -0.00106319  2.51552e-05 -8.21659e-05  -0.00630562  3.03538e-05  -0.00341095 -0.000114612  1.41246e-05  1.40419e-05 -2.37133e-06   0.00121029     0.202215 -2.55695e-05 -5.13202e-05 -6.74324e-05 -9.29162e-05   -0.0033879  -0.00066856   -0.0012567 -0.000149139  0.000277089  -0.00487648 -0.000155161  -0.00326038 -0.000376192   0.00209955  -0.00437479  -0.00199866  -0.00034172  3.78696e-05  8.93836e-06   -0.0007209  0.000669935 -0.000974073   9.9758e-06 -0.000740548  9.02062e-06 -0.000425523 -0.000911486 -0.000933771  3.29869e-05 -0.000481895    -0.001797 -0.000339153  -0.00068501 -0.000305059  2.12459e-05 -0.000167857 -0.000491141 -0.000292524   -0.0012789 -0.000660174  -0.00311443  2.64565e-05
 -0.00100422  0.000106238 -0.000165963 -0.000475182 -2.61383e-05 -5.07462e-06 -0.000110561  5.57863e-05 -0.000215037  6.92891e-07 -0.000338038  9.38186e-05  8.45786e-07 -6.45151e-05  2.43207e-05 -9.01269e-06 -6.08616e-05 -6.43421e-05 -8.70196e-06  0.000700997 -0.000289159  2.67741e-05  -0.00012321 -0.000510056  0.000287049 -2.18281e-05  4.34771e-06 -0.000928711 -2.55695e-05     0.203702  0.000805827  4.30221e-05   0.00104726 -0.000383053  0.000147037 -5.92802e-05   0.00103709 -5.36378e-05 -0.000550537  0.000362431 -0.000381315  0.000502441  -0.00101331 -0.000504859  -0.00016388  0.000565164    -8.98e-06 -3.70213e-05   0.00053888 -0.000607093  0.000444791 -3.02177e-05  2.30515e-05 -4.45916e-06   0.00015126  0.000216101  0.000303096  -1.4107e-05  9.43429e-05 -0.000200859  5.12648e-05  0.000177784  6.43946e-05 -1.59463e-05   7.4619e-05  0.000300749  7.35318e-05  0.000218023  9.31525e-05 -0.000523517  2.45596e-05
  0.00129877 -0.000844875 -0.000430934  -0.00166574 -8.20924e-05 -0.000217318  2.37291e-05 -0.000373678  0.000108464 -1.05728e-05  -0.00183934 -0.000195315 -2.45132e-05  8.52315e-05 -0.000227019 -0.000316864  0.000386608  7.01446e-05 -3.35337e-05  -0.00401822  0.000308174  0.000125016 -0.000939145   0.00195537  -0.00205787  0.000107233 -3.05893e-05  -0.00291218 -5.13202e-05  0.000805827     0.198628  5.64949e-05  -0.00638553 -0.000509031 -0.000236484  -2.9105e-05  -0.00616342  -0.00126548 -0.000726978 -0.000958121 -8.49919e-05 -0.000722705  -0.00263393 -0.000687938 -0.000386818  -0.00212402  3.90193e-05  0.000236831  -0.00106285 -0.000668805 -0.000694954  8.01837e-05 -0.000146828 -3.30324e-06 -0.000243351 -0.000206217 -0.000473953  6.16678e-05 -6.68223e-05 -0.000255647 -2.43213e-05 -0.000332226 -0.000172083  2.55692e-05  9.75517e-05 -0.000443825 -6.02967e-05 -0.000224598 -0.000432326 -0.000246554  0.000103738
 6.31423e-06  7.42013e-05   1.8516e-05  0.000194115  1.55049e-05 -0.000156994 -0.000214418  -0.00959965 -0.000262704 -6.21685e-06  0.000194266   0.00139155  0.000400799 -0.000597949  -0.00425836  8.33562e-05  8.84328e-05  -0.00178827  3.76438e-05  8.06712e-05 -0.000330187  -0.00220254 -0.000133399  3.00389e-05   4.7993e-05   3.6946e-05 -6.04748e-06  0.000324283 -6.74324e-05  4.30221e-05  5.64949e-05     0.196492  0.000106965   0.00106305   0.00266447  1.93205e-05 -3.76982e-05  4.32081e-05   0.00142748 -8.50844e-05  -0.00105871 -0.000578034   0.00038776   0.00126066   0.00127215  -0.00057389  0.000231329  1.14958e-05  -0.00148045  0.000145105   -0.0028819  3.84554e-05   0.00138748  2.05602e-05  -0.00313041  9.61331e-05  -0.00377016  5.12871e-05   0.00387717  0.000554126   0.00132196  -0.00423071  -0.00454888  0.000380182   0.00129294  -0.00194091  0.000177311  -0.00140151   -0.0114712 -7.28479e-05  -0.00132646
  0.00234271  -0.00100867 -0.000260452  -0.00118892  -6.3995e-05 -0.000355926 -1.86894e-05 -0.000547781  0.000111244  0.000153212  -0.00161785 -0.000253097 -1.27207e-05  0.000184192  -0.00033159 -0.000314568  -0.00361198  0.000267528 -1.92924e-05   -0.0086511   0.00035316  0.000191349 -0.000993294   0.00260524  -0.00290441  -0.00118971  0.000377691  -0.00201142 -9.29162e-05   0.00104726  -0.00638553  0.000106965     0.193863 -0.000349694 -0.000352084 -2.72496e-05  -0.00753198 -0.000939135 -0.000501611  -0.00297465  0.000205992  -0.00213722  -0.00162264 -0.000493135 -0.000346485  -0.00277498 -1.67684e-05  -0.00228192  -0.00160085 -2.11685e-05  -0.00107019 -0.000629737 -0.000162254  2.91124e-06 -0.000560429 -0.000300158  -0.00071046  -0.00022293 -0.000101341 -0.000170271 -2.46104e-05 -0.000474322 -0.000338783 -0.000111696  0.000138319  -0.00116801 -7.44323e-05 -0.000260023  -0.00057247   0.00015889  0.000156587
 -0.00806946 -0.000500886 -0.000965316  -0.00207016 -0.000117051  -0.00647861  -0.00756728  0.000378142   -0.0114525  1.13032e-06  -0.00152626   0.00119246   0.00016835  0.000233745  3.02273e-05 -0.000121038  3.73588e-05   0.00335739 -2.37957e-05 -6.06468e-05   -0.0134176  0.000841468  -0.00766962  -0.00116221 -0.000286568 -5.58277e-06  -3.5328e-06  -0.00525442   -0.0033879 -0.000383053 -0.000509031   0.00106305 -0.000349694     0.192914   0.00169711  -0.00288311  -0.00019973 -0.000837573   -0.0156667  0.000511869  -0.00653377    0.0012198   -0.0034763   -0.0145649  -0.00570509  0.000958563  1.54836e-06  9.02724e-06    0.0022396  -0.00236484   0.00344998 -5.74708e-05  -0.00037338 -6.82087e-06   0.00140395   0.00336158   0.00308096  1.70885e-05   0.00109285  -0.00578907  0.000593408   0.00207946  0.000756516 -8.37331e-05   0.00124189   0.00163744   0.00123484    0.0052929   0.00110087  -0.00880799  0.000671019
 -0.00142903  0.000108292 -0.000256111 -0.000372626 -2.62263e-05    -0.001304  -0.00157702   0.00398682  -0.00230097 -9.42262e-06 -0.000296544  -0.00376071 -8.07408e-05  -0.00195359   0.00163171  -0.00158671  8.39908e-05  -0.00738725 -1.47862e-05 -0.000490682  -0.00269753  -0.00084641  -0.00155168 -5.87128e-05 -0.000134295  5.08735e-05 -1.13665e-05 -0.000947487  -0.00066856  0.000147037 -0.000236484   0.00266447 -0.000352084   0.00169711     0.194625 -0.000316256 -0.000664022 -0.000214924   0.00226422  -0.00130704  -0.00219205  -0.00313833 -0.000561379   0.00254231  0.000401352  -0.00266408  0.000100053  1.35879e-05  -0.00593161 -0.000418836  -0.00969042  9.62161e-05  -0.00204166 -8.39315e-06  -0.00306967    -0.011507  -0.00934031  0.000113205  -0.00509582   0.00088605  -0.00255003  -0.00749337 -2.92131e-05   6.5363e-05  -0.00316801  -0.00422408   -0.0075014   -0.0123117 -0.000433232  -0.00169885    -0.000414
 -0.00203337 -0.000104503 -4.48537e-05  0.000275408  8.67306e-06  -0.00243957  -0.00278716 -0.000329596  -0.00415395   3.7087e-07  0.000330321 -0.000396252  1.74629e-05 -0.000278495 -0.000198129  -0.00112593  1.77973e-05 -0.000475417  1.66797e-06 -2.28149e-05  -0.00486276  7.81732e-05  -0.00256202 -0.000208693 -4.98705e-06  4.02973e-06 -2.80043e-06 -1.05629e-05   -0.0012567 -5.92802e-05  -2.9105e-05  1.93205e-05 -2.72496e-05  -0.00288311 -0.000316256     0.202915 -4.94068e-05  5.75309e-05  -0.00414256 -5.52903e-05  -0.00252566 -0.000153703  0.000725253  -0.00375028  -0.00164692  -0.00013252  2.53743e-05  6.28951e-07 -0.000304376  9.38743e-05 -0.000399673 -4.29652e-06 -0.000491442 -1.38493e-06 -0.000188901 -0.000366641  -0.00040782  2.07017e-05 -0.000224702  -0.00152596 -0.000170145 -0.000317661 -0.000158955  7.35051e-06 -1.21736e-05 -0.000210283 -0.000107451 -0.000478356 -0.000389183  -0.00261162  6.54902e-05
   0.0022233 -0.000947588 -0.000261529  -0.00110483 -5.29665e-05 -0.000459143 -0.000136798 -0.000566236 -6.96072e-05 -1.68824e-05  -0.00143106 -0.000496825 -2.24362e-05  0.000172911 -0.000321411 -0.000507901  0.000547825  0.000144362 -2.94797e-05   -0.0047958  0.000143601  7.84495e-05  -0.00106979   0.00251532  -0.00237452  0.000169716 -4.65796e-05  -0.00187553 -0.000149139   0.00103709  -0.00616342 -3.76982e-05  -0.00753198  -0.00019973 -0.000664022 -4.94068e-05     0.196504  -0.00121269 -0.000284501  -0.00169623  0.000246824  -0.00197028  -0.00143386 -0.000267613  -0.00033125  -0.00316269  6.51933e-05  0.000331547  -0.00236834  1.44363e-05  -0.00184759  0.000156189 -0.000303403 -2.09614e-06 -0.000647445 -0.000825124  -0.00129714  0.000101145 -0.000355921 -9.51072e-05 -0.000188117 -0.000819397 -0.000355563  6.54592e-05  -9.4817e-05  -0.00121519 -0.000250276 -0.000846357 -0.000713081  7.45669e-05  5.85761e-05
 -0.00309735 -0.000201116  -0.00133401  -0.00446457 -0.000181087  0.000645693  0.000439323 -0.000367745  0.000484272 -1.39754e-05  -0.00375969 -0.000172607 -3.00821e-05  -6.7808e-05 -0.000223846  -0.00041488  0.000675081 -0.000182763  0.000141568 -0.000237748  0.000530625  0.000112671 -0.000591296 -0.000504373 -0.000595489  0.000213563 -3.12536e-05  -0.00804219  0.000277089 -5.36378e-05  -0.00126548  4.32081e-05 -0.000939135 -0.000837573 -0.000214924  5.75309e-05  -0.00121269     0.202189  -0.00121188 -2.53557e-05 -0.000730126 -0.000185157   -0.0083137   -0.0011039 -0.000503748 -0.000523162   3.9621e-05  0.000411336  -0.00044794  -0.00389775 -0.000419103  0.000118186 -0.000157295  0.000109789 -0.000161327 -0.000234831 -0.000378265   7.6006e-05  -6.1221e-05 -0.000423109  -2.2926e-05 -0.000294004 -0.000148261  3.00625e-05   0.00010126 -0.000193866 -5.63751e-05  -0.00029355 -0.000430293  -0.00200962  0.000101172
  -0.0116417 -0.000713916  -0.00139876  -0.00300112 -0.000170294  -0.00932587   -0.0109011  0.000379011   -0.0164941   2.1831e-06   -0.0022155   0.00159023  0.000161406  0.000236061 -3.63819e-05 -0.000358313  4.26117e-05     0.004436 -3.67853e-05 -9.45465e-05   -0.0193277   0.00115682   -0.0110456  -0.00167922 -0.000412061  -1.4983e-05 -4.08144e-06  -0.00760075  -0.00487648 -0.000550537 -0.000726978   0.00142748 -0.000501611   -0.0156667   0.00226422  -0.00414256 -0.000284501  -0.00121188     0.181528  0.000748972  -0.00953725   0.00174546   -0.0050404   -0.0207729  -0.00815118   0.00134678  2.46345e-06  6.02743e-06   0.00309536  -0.00342546   0.00467706 -9.45389e-05 -0.000584654 -1.13196e-05   0.00185914    0.0045241   0.00411805  2.31981e-05   0.00150379  -0.00826056  0.000804892   0.00272513  0.000957979 -0.000125696   0.00173416   0.00222786     0.001629   0.00714314   0.00130705   -0.0126958  0.000933576
  0.00021024  5.18643e-05 -0.000138142 -0.000193278   1.1837e-05 -0.000347125 -0.000357595 -0.000804199 -0.000472508  0.000165826 -0.000251517 -0.000868439  8.87518e-05  0.000884213 -0.000421473 -0.000335299  -0.00246006   0.00230968  0.000116731  -0.00413763 -0.000518266  1.58123e-05 -0.000495834  0.000493777 -0.000741774  -0.00127718  0.000304267 -0.000385195 -0.000155161  0.000362431 -0.000958121 -8.50844e-05  -0.00297465  0.000511869  -0.00130704 -5.52903e-05  -0.00169623 -2.53557e-05  0.000748972     0.198514   0.00170156  -0.00922916 -0.000236616  0.000667441 -0.000186984  -0.00387121 -0.000164249  -0.00128353  -0.00581457 -1.83433e-05  -0.00443087  -0.00166262 -0.000523672  7.00229e-05  -0.00219561  -0.00148284  -0.00276489 -0.000687882 -0.000839653  0.000267119  -0.00045208  -0.00154806  -0.00100015 -0.000389858 -0.000450424  -0.00509383 -0.000499938 -0.000743456 -0.000841523 -0.000276882 -7.77713e-06
 -0.00800515 -0.000298531 -0.000944578  -0.00190944 -0.000121717  -0.00624884  -0.00741513  -0.00252507   -0.0111479  1.52762e-06  -0.00137058  -0.00421204 -6.77004e-05  -0.00268362  -0.00133115    -0.010694 -1.73476e-05  -0.00936614  -4.3046e-05  0.000354699   -0.0130978 -0.000391263    -0.007374  -0.00128166 -0.000101631 -4.61074e-05 -8.81161e-07   -0.0049068  -0.00326038 -0.000381315 -8.49919e-05  -0.00105871  0.000205992  -0.00653377  -0.00219205  -0.00252566  0.000246824 -0.000730126  -0.00953725   0.00170156     0.192817   0.00271295   -0.0032052  -0.00806971  -0.00449998  0.000773052  0.000107779 -4.65675e-05  0.000109464  -0.00230558  -0.00181305 -0.000152835  -0.00282656 -1.87095e-05   -0.0012423   -0.0030856  -0.00255728  3.34905e-05  -0.00137427  -0.00344941  -0.00123966  -0.00292583  -0.00142228  2.96212e-05 -0.000473991 -9.05366e-05  -0.00180053  -0.00837857  -0.00397274  -0.00856316 -0.000167951
  -0.0003155  0.000285318 -0.000287219  -0.00028184  5.84802e-07 -0.000784352 -0.000914431  -0.00210599  -0.00127209  0.000215022 -0.000306466  -0.00186914   4.2206e-05   0.00129942   -0.0010493 -0.000599947 -0.000323998   0.00316805  6.31615e-05  -0.00354088  -0.00146784 -0.000204856  -0.00100853  0.000427204 -0.000569445  -0.00181209  0.000160559 -0.000633174 -0.000376192  0.000502441 -0.000722705 -0.000578034  -0.00213722    0.0012198  -0.00313833 -0.000153703  -0.00197028 -0.000185157   0.00174546  -0.00922916   0.00271295     0.184521 -0.000361065   0.00161925 -0.000156993  -0.00703074 -0.000436243  0.000723712    -0.011253 -0.000173605  -0.00945535  -0.00449828  -0.00106644  3.41534e-05  -0.00512889  -0.00414805  -0.00649333  -0.00190595  -0.00190337  0.000632145  -0.00105035  -0.00385222  -0.00249923  -0.00101606   -0.0011567   -0.0114101  -0.00140457  -0.00296222  -0.00240531 -0.000851583 -0.000178369
  -0.0181096  -0.00040217  -0.00721707   -0.0236519  -0.00117003   0.00477976    0.0036087  -0.00145974   0.00434298 -3.03812e-05   -0.0203377 -0.000443926  0.000124214 -0.000329985 -0.000925499  -0.00152734  0.000114302 -0.000734231 -0.000152779 -0.000818155   0.00482586   0.00061356  -0.00194993  -0.00451842  -0.00199145  2.16045e-05  1.93627e-05   -0.0428452   0.00209955  -0.00101331  -0.00263393   0.00038776  -0.00162264   -0.0034763 -0.000561379  0.000725253  -0.00143386   -0.0083137   -0.0050404 -0.000236616   -0.0032052 -0.000361065     0.158409  -0.00460249  -0.00198598 -0.000624983  0.000112265  2.16385e-05 -0.000699983   -0.0217568 -0.000762452 -3.39539e-05 -0.000476042  2.41416e-05 -0.000436978 -0.000427289 -0.000882671  0.000102966  9.08615e-06  -0.00173404  9.18998e-05 -0.000811439 -0.000513396  3.37274e-06  0.000687251 -0.000459289 -2.93167e-05  -0.00063653   -0.0015905   -0.0103482  0.000550176
