    71    71     1
     0.20259 -9.96223e-06  9.05756e-06 -0.000151801  7.51066e-05  0.000707473  -0.00022633 -0.000275436 -0.000243389  1.18671e-05 -7.68944e-05  2.09426e-05  4.28667e-05  1.91769e-05 -0.000149212  -0.00152994  9.25824e-06   2.2292e-05  -0.00146242  0.000232374  2.29261e-05 -0.000404977  6.68498e-07  9.60361e-07 -0.000166164 -1.08484e-05 -0.000159501  9.85612e-06 -0.000133066  2.84243e-05 -0.000836524  4.08653e-05 -7.59488e-05  -0.00118203  0.000423542  3.17661e-05  7.56739e-06  6.09854e-06 -0.000337111  -6.9004e-05 -0.000554502 -8.11995e-05 -0.000280959 -0.000116854 -0.000512055  1.04262e-05  -0.00109612  0.000572304  -0.00022335 -0.000452756 -0.000326851  5.15917e-05  0.000580438 -0.000231643  -0.00097554 -0.000991573 -0.000829463  2.19824e-05  0.000189499 -0.000260898  -0.00170727  -0.00155257  -0.00103778  3.37814e-05  -0.00103813 -0.000782769 -0.000311994 -7.23256e-05 -0.000150099 -0.000516168 -0.000343023
-9.96223e-06     0.203392 -1.05418e-05 -0.000112802 -0.000577542  0.000200239  3.06328e-06  2.27263e-05 -1.12434e-05  9.00231e-07 -8.66963e-07  1.44927e-06  6.12031e-05  0.000161639 -6.36838e-06 -2.93132e-05  1.40633e-06 -0.000580298  -1.8137e-05 -6.84562e-05 -0.000290948 -2.37891e-05 -2.74084e-05 -8.28092e-06  -2.5455e-05 -0.000132681  8.19257e-06 -4.96955e-06 -0.000131532 -0.000307056  -1.9449e-05  -0.00011618 -3.21297e-05 -1.25994e-05 -0.000120515 -0.000185425 -0.000133848  1.89681e-06 -2.00243e-05 -0.000580153 -7.62797e-06 -0.000658114 -1.23611e-05 -0.000398777  2.95266e-06   1.4462e-05  3.07898e-06 -0.000166914 -1.17474e-05 -0.000218964 -7.95335e-05  1.01035e-05 -0.000152126 -4.96045e-05  1.13373e-05 -9.29634e-05 -6.87357e-05  4.17718e-06 -7.43789e-05 -3.74271e-05 -1.31503e-05 -5.62033e-05  -3.3315e-05   3.4895e-06  1.15917e-05  1.00404e-05  1.77681e-06  3.57796e-07  1.17393e-06  6.19284e-06  6.07623e-06
 9.05756e-06 -1.05418e-05     0.203615 -0.000661386 -0.000145676  0.000338296 -0.000987518  -0.00120841 -5.21965e-05 -6.36731e-07 -0.000304191   1.3267e-06 -3.03982e-05 -0.000101476 -0.000588386  2.67554e-06 -5.74609e-07    -0.000305 -2.20843e-05 -0.000496959 -8.70081e-05 -9.61869e-05 -6.11512e-05 -3.59812e-06 -0.000139843 -6.55559e-06 -0.000663638  1.56258e-06 -0.000746401 -5.36254e-05 -3.42992e-05 -3.68188e-05 -0.000670937  4.52538e-06  -0.00088117 -0.000134674 -3.70582e-05  1.80072e-06 -6.39885e-05  6.66819e-06 -7.85534e-06  4.55475e-06 -3.19461e-05  9.42223e-06   4.2826e-06  5.26017e-06  1.26841e-05  -0.00122652 -6.56436e-05  1.02425e-07   9.0229e-06   2.2635e-06  -0.00109983 -0.000695894 -7.36856e-05 -3.45603e-06  1.43972e-05   2.7205e-06 -0.000485402 -0.000315479 -4.65339e-05  1.04112e-06  8.75957e-06  3.37199e-06  3.13005e-05  2.13639e-05  2.76909e-06 -3.48912e-06  2.46331e-07  1.65089e-05  8.88673e-06
-0.000151801 -0.000112802 -0.000661386     0.202057  -0.00080231   0.00105885  -0.00240241  -0.00289162 -0.000232229 -2.66817e-06 -0.000749207  4.51349e-06  -6.5733e-05 -0.000269757  -0.00144981 -0.000379449  4.89661e-07  -0.00103653  -0.00047085  -0.00114794 -0.000294965 -0.000446696 -0.000221159 -1.19157e-05 -0.000450476 -4.62758e-05  -0.00160696  1.59816e-05  -0.00199902 -0.000240333  -0.00034489 -9.79381e-05  -0.00184962 -0.000266776  -0.00203424 -0.000562843    -0.000168  1.32099e-05 -0.000320171 -7.98024e-05  -0.00016664 -0.000102398 -0.000188921 -4.92679e-05  1.47673e-05  1.94408e-05 -6.07467e-05  -0.00283676 -0.000240668 -0.000150568 -4.88661e-05  9.52937e-06   -0.0025119  -0.00182483 -0.000557594 -0.000285359 -0.000128693  8.45571e-06  -0.00116935  -0.00105026 -0.000694106 -0.000407727 -0.000183514  1.09136e-05 -9.34892e-05 -2.38005e-05  8.50859e-06 -3.03758e-05 -3.50217e-05 -3.99888e-05 -1.35236e-05
 7.51066e-05 -0.000577542 -0.000145676  -0.00080231     0.193687   0.00167128  5.16499e-05  1.41244e-05 -9.27648e-05 -1.66955e-05  0.000189393  6.60395e-06  -0.00029626  -0.00118559  0.000570146  7.84427e-05 -3.78091e-06   -0.0093672  3.56393e-05 -0.000919974  -0.00465289 -0.000170936  -0.00166654 -0.000154586 -0.000265925 -0.000303557  0.000228677 -3.79578e-05  -0.00311769  -0.00435406 -2.71744e-05 -0.000164096  -0.00474059  8.60297e-05  -0.00165212  -0.00509695  -0.00173223   4.0601e-06 -0.000115487 -0.000287751   2.1351e-05 -0.000288979  -4.5319e-05 -0.000129662  2.12056e-05  2.68889e-05  6.60155e-05  -0.00230049 -0.000112174 -8.82303e-05   2.9629e-06  1.24196e-05  -0.00206157  -0.00125309 -7.22205e-05  6.82647e-06  4.54368e-05  1.31248e-05 -0.000920808 -0.000571142  5.47515e-06  5.93989e-05   5.9537e-05  1.64177e-05  0.000141742  8.95683e-05  1.32082e-05 -1.02377e-06  6.01996e-06  6.23409e-05  3.79927e-05
 0.000707473  0.000200239  0.000338296   0.00105885   0.00167128   0.00405452   0.00137755   0.00168999  0.000357343 -8.57209e-06  0.000406221  1.49387e-05  2.51062e-05  0.000241278  0.000757338   0.00135241 -6.00338e-06   0.00178348   0.00138749  0.000488674  0.000780153  0.000692552   0.00031393  3.11424e-05  0.000463754  9.09181e-05  0.000903831  4.63842e-05   0.00148211  0.000737845  0.000865429  4.99278e-05   0.00155262   0.00103217  0.000859414  0.000893211  0.000295381  2.30981e-05  0.000504131  0.000238509  0.000531118  0.000237135   0.00035004  0.000237361  4.77372e-05  6.35702e-05  0.000444602   0.00121413  0.000332638  0.000476394  0.000288469  2.87562e-05   0.00100233   0.00132404   0.00120471  0.000946531  0.000654921  3.16202e-05  0.000583947   0.00110105   0.00183999   0.00141109  0.000784617  3.80326e-05  0.000773876  0.000408735  3.08521e-05  7.30196e-05  0.000135427  0.000373996   0.00018494
 -0.00022633  3.06328e-06 -0.000987518  -0.00240241  5.16499e-05   0.00137755      0.20023  -0.00448244 -0.000331219 -2.16106e-06  -0.00113997  5.82832e-06 -7.89157e-05 -0.000303016  -0.00221522 -0.000556687 -2.47682e-06  -0.00059195 -0.000692379  -0.00163012 -5.79418e-05 -0.000639694 -0.000132232 -4.06665e-06 -0.000640526 -6.66933e-06  -0.00247514  1.00722e-05  -0.00258471  5.07481e-05 -0.000501501 -0.000104707  -0.00220904 -0.000400465  -0.00288594 -0.000203403 -3.81704e-05  7.42983e-06 -0.000458747  3.89205e-05 -0.000248718  1.97942e-05 -0.000271426  2.83045e-05  1.93585e-05  2.34753e-05 -9.68674e-05  -0.00402566 -0.000348684 -0.000160492 -4.86212e-05   1.1043e-05  -0.00356343  -0.00261624 -0.000824476 -0.000391666 -0.000165748  1.06578e-05   -0.0016583  -0.00150665   -0.0010196 -0.000587966 -0.000263493  1.39256e-05 -0.000155345 -4.56727e-05  1.10458e-05 -4.28777e-05 -5.36241e-05 -6.48965e-05 -2.25387e-05
-0.000275436  2.27263e-05  -0.00120841  -0.00289162  1.41244e-05   0.00168999  -0.00448244     0.198394 -0.000407567 -2.46549e-06  -0.00138972  7.12807e-06  -0.00010122 -0.000385301  -0.00269661 -0.000681472 -3.18981e-06 -0.000801974  -0.00085264  -0.00199616 -0.000128076 -0.000787315 -0.000170911 -6.32669e-06 -0.000786896 -4.13037e-06  -0.00302775  1.19303e-05  -0.00316587  2.02405e-05 -0.000617637 -0.000123698  -0.00272501 -0.000489132   -0.0035341 -0.000271076 -5.48822e-05  8.91964e-06 -0.000566881  7.26761e-05 -0.000305348  5.22191e-05 -0.000334768  5.24338e-05  2.36982e-05  2.85031e-05 -0.000116784  -0.00493009 -0.000428934 -0.000186321 -5.41319e-05  1.32866e-05  -0.00436333  -0.00320957  -0.00101813 -0.000474256 -0.000196001  1.30171e-05   -0.0020319   -0.0018519  -0.00125659 -0.000718474 -0.000319894  1.70265e-05 -0.000183518 -5.11026e-05  1.35456e-05 -5.23561e-05 -6.58529e-05 -7.54228e-05  -2.5002e-05
-0.000243389 -1.12434e-05 -5.21965e-05 -0.000232229 -9.27648e-05  0.000357343 -0.000331219 -0.000407567     0.203607  -1.0495e-06 -0.000104526  1.98651e-06  1.28295e-05 -2.61431e-05 -0.000199131 -0.000681293 -6.86261e-07 -0.000144293 -0.000914483  3.22631e-05 -5.22375e-05 -0.000513887 -2.78795e-05 -1.64522e-06 -0.000307891 -7.11256e-06 -0.000224376  2.93037e-06 -0.000263014 -3.90741e-05 -0.000570429  1.20918e-05 -0.000235005 -0.000312374  5.92226e-05 -6.43799e-05 -2.17625e-05  1.94627e-06 -0.000547115 -2.24957e-05 -0.000142919 -3.87075e-05 -0.000327456 -2.88957e-05  5.56274e-06  8.65151e-06 -5.71784e-05  7.16819e-05 -0.000171875 -0.000220506 -0.000102965  5.23919e-06   0.00013312 -0.000361959 -0.000778939 -0.000492564 -0.000266506  2.12506e-06 -9.48224e-05 -0.000625608  -0.00120935 -0.000758164 -0.000341674  3.61096e-06  0.000155928  8.18024e-05   3.2766e-06 -3.77576e-05 -2.11464e-05  7.19978e-05  4.17553e-05
 1.18671e-05  9.00231e-07 -6.36731e-07 -2.66817e-06 -1.66955e-05 -8.57209e-06 -2.16106e-06 -2.46549e-06  -1.0495e-06     0.203864 -4.47589e-07  1.84488e-05 -8.96992e-07 -3.92354e-06 -1.20442e-07 -3.72244e-06 -3.26903e-05 -4.82117e-06 -4.00807e-06 -1.84708e-06  1.51445e-05  -1.9296e-06 -4.45158e-06   -6.838e-06 -1.33613e-06   9.0077e-06 -1.12224e-06 -5.89714e-05 -8.04378e-06 -2.51305e-05 -2.28171e-06  5.16367e-07 -1.15264e-05 -2.78323e-06 -2.99786e-06 -1.03449e-05  -1.3487e-05 -3.85189e-05 -1.44784e-06  6.65549e-05 -1.49155e-06  1.05683e-06 -9.99061e-07  0.000122991  1.15645e-05  0.000136515  7.29949e-06 -4.07269e-06 -8.20498e-07 -1.07018e-06  5.69188e-05  8.46328e-05 -3.43368e-06 -4.34798e-06 -3.22212e-06  -3.0393e-06  4.70686e-05  5.27145e-05 -2.10553e-06 -3.40643e-06 -5.13381e-06 -4.26126e-06    2.682e-05  4.31613e-05  -2.2003e-06  2.49515e-06  5.84899e-06 -2.29789e-07 -4.00684e-07 -1.08592e-06  1.51191e-06
-7.68944e-05 -8.66963e-07 -0.000304191 -0.000749207  0.000189393  0.000406221  -0.00113997  -0.00138972 -0.000104526 -4.47589e-07     0.203534  1.74395e-06 -1.73553e-05  -6.8786e-05 -0.000702272 -0.000187156 -6.48829e-07 -1.61961e-05 -0.000229812 -0.000489267  7.06604e-05 -0.000200773 -1.17611e-05  1.53364e-06 -0.000197097  1.33362e-07  -0.00077359  3.83357e-06 -0.000753672  9.50114e-05 -0.000164415 -3.21248e-05 -0.000603824 -0.000134388 -0.000865703  2.38385e-05  1.70646e-05  2.32864e-06 -0.000146211  2.65749e-06 -8.26426e-05 -5.22236e-06 -8.74576e-05  7.71066e-07  5.77191e-06  7.13144e-06 -3.32677e-05  -0.00120773 -0.000108457 -5.71479e-05 -1.91225e-05  3.43002e-06  -0.00106796  -0.00079275 -0.000263139  -0.00013192 -5.90619e-05  3.14764e-06 -0.000498908 -0.000461079 -0.000332473 -0.000197575 -8.98681e-05  4.13011e-06 -5.34629e-05 -1.59263e-05  3.25133e-06  -1.4031e-05 -1.78024e-05 -2.21841e-05 -7.79606e-06
 2.09426e-05  1.44927e-06   1.3267e-06  4.51349e-06  6.60395e-06  1.49387e-05  5.82832e-06  7.12807e-06  1.98651e-06  1.84488e-05  1.74395e-06       0.2038 -9.61294e-08  7.17977e-07  3.27367e-06  5.95354e-06  1.25465e-05  7.17153e-06  7.46666e-06  1.56842e-06  3.41632e-06  3.66876e-06  1.50224e-06  7.00265e-07  2.32965e-06 -4.25302e-06  3.84119e-06  5.19138e-06  6.07822e-06    3.838e-06  3.53041e-06  1.28422e-07  6.09348e-06  3.34395e-06  2.73263e-06  3.73206e-06  1.00988e-05  4.23471e-06  2.99513e-06 -3.16895e-05   3.0602e-06  2.51415e-06  2.07983e-06 -6.84909e-05  2.38598e-05 -2.93596e-05  5.57782e-05   3.8833e-06  1.31065e-06  3.76795e-06 -7.87905e-05  2.88118e-05  3.04816e-06  4.98229e-06  5.39167e-06   9.8249e-06 -0.000220749 -8.35731e-05  2.20246e-06  4.88594e-06  9.79126e-06  1.03641e-05 -0.000130922 -0.000213417  3.78043e-06  1.84681e-05  2.06164e-05  4.10513e-07  7.58904e-07  1.75065e-06  6.17939e-06
 4.28667e-05  6.12031e-05 -3.03982e-05  -6.5733e-05  -0.00029626  2.51062e-05 -7.89157e-05  -0.00010122  1.28295e-05 -8.96992e-07 -1.73553e-05 -9.61294e-08     0.203865 -8.21609e-05 -2.52848e-05   8.5951e-05 -5.61645e-07 -0.000275749  7.65081e-05   -8.288e-05  -0.00013039   2.4807e-05 -6.23995e-05 -4.79304e-06  3.84854e-07  1.11157e-05 -4.65931e-05 -1.31926e-06 -0.000155987 -0.000114664  4.61659e-05  5.32011e-06 -0.000229082  5.51456e-05 -0.000148451 -0.000171317 -4.49546e-05 -5.34085e-07  2.54502e-05  9.16878e-05  2.29245e-05  0.000105726   1.9158e-05  7.04231e-05 -5.73078e-08 -1.20578e-06  2.08131e-05 -0.000206269 -5.28533e-06  7.52128e-05  4.81369e-05 -1.39335e-06 -0.000188831  -0.00010251  2.41798e-05  0.000101463  9.02304e-05 -1.33097e-08 -7.03549e-05 -6.64131e-06  8.81317e-05  0.000107487  6.73175e-05 -1.19079e-07  3.09472e-05  1.75701e-05  1.22926e-07  3.17488e-06  5.25903e-06   1.5504e-05  7.24862e-06
 1.91769e-05  0.000161639 -0.000101476 -0.000269757  -0.00118559  0.000241278 -0.000303016 -0.000385301 -2.61431e-05 -3.92354e-06  -6.8786e-05  7.17977e-07 -8.21609e-05     0.203615 -0.000102493  2.30908e-05 -2.67019e-06  -0.00111117 -5.42972e-06 -0.000247618 -0.000526137 -4.88574e-05 -0.000238344 -1.91019e-05 -7.09996e-05  2.11419e-05 -0.000179617 -7.57415e-06 -0.000605883 -0.000471853 -1.25008e-05   2.1071e-05 -0.000858063  1.24721e-05 -0.000442463 -0.000663512 -0.000186937 -3.13099e-06 -2.94111e-05  0.000249421 -3.88466e-06  0.000285779  -1.2238e-05  0.000185436  2.85943e-06  3.89141e-07  1.10064e-05 -0.000616907 -4.08432e-05  0.000107742  5.89635e-05 -1.26999e-06 -0.000549915 -0.000385268 -7.31907e-05  6.78908e-05  7.73201e-05  1.31762e-06 -0.000241307 -0.000174899 -3.35325e-05   4.3237e-05  3.95315e-05  1.79433e-06  1.77708e-05  1.48457e-05  1.80493e-06 -2.10605e-06  -1.6113e-06  9.36513e-06   5.2376e-06
-0.000149212 -6.36838e-06 -0.000588386  -0.00144981  0.000570146  0.000757338  -0.00221522  -0.00269661 -0.000199131 -1.20442e-07 -0.000702272  3.27367e-06 -2.52848e-05 -0.000102493     0.202515 -0.000359082 -4.42518e-07  0.000157521 -0.000437503 -0.000934279  0.000232802 -0.000384449  1.22082e-05  6.55654e-06 -0.000376539  2.28723e-06  -0.00150719  1.19266e-05  -0.00140282  0.000273991 -0.000313584 -6.29634e-05  -0.00107265  -0.00026028  -0.00165261   0.00014974  6.60749e-05   6.9073e-06 -0.000276977 -8.52934e-06 -0.000159903 -2.63951e-05 -0.000166127  -9.4921e-06  1.08174e-05   1.3734e-05 -6.55599e-05  -0.00230546 -0.000206823 -0.000115862 -4.03183e-05  6.70883e-06  -0.00203867   -0.0015136 -0.000502613 -0.000257291 -0.000118242  5.95428e-06 -0.000952856 -0.000885171 -0.000636016 -0.000380275  -0.00017474  7.79285e-06 -0.000108911 -3.39021e-05   6.0801e-06 -2.69229e-05 -3.44821e-05 -4.54483e-05 -1.64956e-05
 -0.00152994 -2.93132e-05  2.67554e-06 -0.000379449  7.84427e-05   0.00135241 -0.000556687 -0.000681472 -0.000681293 -3.72244e-06 -0.000187156  5.95354e-06   8.5951e-05  2.30908e-05 -0.000359082     0.200445 -2.63186e-06 -3.94895e-05  -0.00361919  0.000484624  7.98721e-06  -0.00104158 -1.44891e-05 -1.19142e-06 -0.000486679 -2.07592e-05 -0.000388948  1.37194e-05 -0.000361585  2.31974e-05  -0.00218546  8.10595e-05 -0.000246666  -0.00252852  0.000880778  1.94746e-05 -8.44483e-06  7.57245e-06   -0.0011285 -0.000104275  -0.00135317 -0.000175802 -0.000828139 -0.000145384  3.13092e-05  3.11937e-05 -0.000822987   0.00118715 -0.000547052 -0.000961094 -0.000515313  1.89216e-05   0.00122659 -0.000558923  -0.00231309    -0.002135  -0.00133565  4.14663e-06  0.000355508 -0.000523585  -0.00404901  -0.00348391  -0.00174964  7.46413e-06  -0.00158757 -0.000649094  8.45032e-06 -0.000172145 -0.000335634 -0.000707454 -0.000291412
 9.25824e-06  1.40633e-06 -5.74609e-07  4.89661e-07 -3.78091e-06 -6.00338e-06 -2.47682e-06 -3.18981e-06 -6.86261e-07 -3.26903e-05 -6.48829e-07  1.25465e-05 -5.61645e-07 -2.67019e-06 -4.42518e-07 -2.63186e-06     0.203854  1.25154e-05 -2.79772e-06 -1.33071e-06  3.53308e-05 -1.25613e-06  -2.5457e-06 -1.01449e-05 -8.16456e-07  9.36893e-06 -1.58976e-06 -9.29345e-05 -4.30462e-06 -3.19063e-05 -1.61309e-06   6.9013e-07 -5.76891e-06 -2.01436e-06 -1.85807e-06 -3.87296e-06 -7.69616e-06 -6.00431e-05 -9.66221e-07  6.69876e-05 -1.03049e-06  1.46673e-06  -6.7372e-07  0.000124579  9.04023e-06  0.000141701  6.34762e-06 -2.37116e-06 -5.13616e-07 -5.22884e-07  5.37146e-05   9.2166e-05 -2.01369e-06 -3.01849e-06 -2.22896e-06 -1.85005e-06  3.12513e-05  4.95437e-05 -1.49468e-06 -2.53883e-06 -3.55298e-06   -2.842e-06  1.63844e-05  2.92256e-05 -1.56011e-06  2.16075e-06  4.76937e-06 -1.54078e-07 -2.82591e-07 -7.58613e-07  1.35787e-06
  2.2292e-05 -0.000580298    -0.000305  -0.00103653   -0.0093672   0.00178348  -0.00059195 -0.000801974 -0.000144293 -4.82117e-06 -1.61961e-05  7.17153e-06 -0.000275749  -0.00111117  0.000157521 -3.94895e-05  1.25154e-05     0.195067 -9.92056e-05  -0.00112559   -0.0044266 -0.000273207  -0.00154101 -0.000134641 -0.000357688 -0.000291877 -0.000223268  6.00629e-05  -0.00327196  -0.00402883 -0.000120307 -0.000179215  -0.00468188 -2.68163e-06  -0.00201423   -0.0046875  -0.00161711  6.46525e-05 -0.000190117 -0.000315632 -3.04615e-05 -0.000334186 -9.15804e-05 -0.000156768  2.30353e-05  3.40839e-05  3.98407e-05  -0.00280664 -0.000164778 -0.000138138  -1.8328e-05  1.62699e-05  -0.00250739  -0.00160002 -0.000212539 -8.37331e-05 -3.76214e-06  1.48305e-05  -0.00113356 -0.000790757 -0.000184907 -6.76282e-05 -3.03257e-06  1.84471e-05  9.59101e-05  7.17648e-05  1.41406e-05 -7.89567e-06 -5.53967e-06  4.36863e-05  3.11637e-05
 -0.00146242  -1.8137e-05 -2.20843e-05  -0.00047085  3.56393e-05   0.00138749 -0.000692379  -0.00085264 -0.000914483 -4.00807e-06 -0.000229812  7.46666e-06  7.65081e-05 -5.42972e-06 -0.000437503  -0.00361919 -2.79772e-06 -9.92056e-05     0.199697  0.000489469  -1.5664e-05   -0.0013894 -2.75448e-05 -2.76173e-06 -0.000721967 -1.65215e-05 -0.000480529  1.38373e-05 -0.000474062  7.13766e-06  -0.00255685  7.58544e-05 -0.000362704  -0.00236036  0.000885789 -1.71237e-05  -1.5438e-05  7.62757e-06   -0.0016794 -7.79817e-05  -0.00128275 -0.000150449   -0.0011252 -0.000117451  2.97404e-05  3.08804e-05 -0.000647029   0.00118795 -0.000682434 -0.000924422  -0.00042171  1.66204e-05   0.00127278 -0.000777927  -0.00283802  -0.00211411  -0.00115513  4.26382e-06  0.000268739 -0.000833997   -0.0047468  -0.00366189  -0.00170823  9.88489e-06 -0.000817327 -0.000217255  9.49619e-06 -0.000186696  -0.00029103 -0.000323241 -8.90289e-05
 0.000232374 -6.84562e-05 -0.000496959  -0.00114794 -0.000919974  0.000488674  -0.00163012  -0.00199616  3.22631e-05 -1.84708e-06 -0.000489267  1.56842e-06   -8.288e-05 -0.000247618 -0.000934279  0.000484624 -1.33071e-06  -0.00112559  0.000489469     0.202876 -0.000449484  8.00123e-05 -0.000209387 -1.68507e-05 -0.000130117 -3.24619e-05  -0.00108091 -5.35834e-06  -0.00144194 -0.000379008   0.00026384 -9.15466e-05  -0.00142448  0.000352554  -0.00180779 -0.000560571 -0.000175589  1.38705e-07  9.04447e-05 -1.28565e-05  0.000166607 -7.60808e-06  8.14471e-05  1.38601e-05  4.63774e-06  5.81433e-06  0.000138637  -0.00250897 -1.99885e-05  0.000129987  8.07637e-05  1.77899e-06  -0.00228934  -0.00114172  0.000346991  0.000309866  0.000203486  4.30206e-06 -0.000937648  -0.00025122  0.000645372  0.000502362  0.000262271  4.73298e-06  0.000261551  0.000132287  4.17799e-06  1.95337e-05  4.44154e-05  0.000124892  5.75341e-05
 2.29261e-05 -0.000290948 -8.70081e-05 -0.000294965  -0.00465289  0.000780153 -5.79418e-05 -0.000128076 -5.22375e-05  1.51445e-05  7.06604e-05  3.41632e-06  -0.00013039 -0.000526137  0.000232802  7.98721e-06  3.53308e-05   -0.0044266  -1.5664e-05 -0.000449484     0.201569 -9.73662e-05 -0.000751881 -4.98944e-05 -0.000137519 -0.000143734  4.80801e-05   0.00020152  -0.00143494  -0.00197852 -3.44344e-05 -8.25305e-05  -0.00216046  1.93733e-05 -0.000807303  -0.00230188 -0.000823728  0.000140826 -7.04166e-05 -0.000153914 -2.66759e-06 -0.000173699 -3.12237e-05  -7.5514e-05  1.00891e-05  2.84019e-05  2.51998e-05  -0.00112548 -6.10318e-05 -6.17775e-05 -4.13042e-06  1.47379e-05  -0.00100711 -0.000622778 -5.86764e-05 -2.10601e-05  8.82336e-06  9.52532e-06 -0.000452527 -0.000294026 -3.71308e-05 -4.32575e-06  1.32704e-05  1.01434e-05  5.93611e-05  4.08038e-05  6.23366e-06 -1.05675e-06  -1.3199e-07  2.76849e-05  1.86408e-05
-0.000404977 -2.37891e-05 -9.61869e-05 -0.000446696 -0.000170936  0.000692552 -0.000639694 -0.000787315 -0.000513887  -1.9296e-06 -0.000200773  3.66876e-06   2.4807e-05 -4.88574e-05 -0.000384449  -0.00104158 -1.25613e-06 -0.000273207   -0.0013894  8.00123e-05 -9.73662e-05     0.202753 -4.99915e-05 -1.01284e-06 -0.000662869 -1.33582e-05 -0.000433088    5.763e-06 -0.000505797 -7.20647e-05 -0.000940886  2.14239e-05 -0.000451652 -0.000593108  0.000145159 -0.000119235 -4.01401e-05   3.8273e-06 -0.000889137 -4.36339e-05 -0.000351518 -7.56226e-05 -0.000522137  -5.2932e-05  1.07334e-05   1.7731e-05 -0.000120913  0.000179519  -0.00034057 -0.000392599 -0.000170466  1.10844e-05  0.000319047 -0.000870475   -0.0016844 -0.000863228 -0.000436409  5.93859e-06 -0.000242659  -0.00189879   -0.0023336  -0.00121038 -0.000557532  8.56542e-06  5.53369e-05  7.84372e-05  7.26866e-06 -6.72314e-05 -6.77305e-05   4.1842e-05  4.25207e-05
 6.68498e-07 -2.74084e-05 -6.11512e-05 -0.000221159  -0.00166654   0.00031393 -0.000132232 -0.000170911 -2.78795e-05 -4.45158e-06 -1.17611e-05  1.50224e-06 -6.23995e-05 -0.000238344  1.22082e-05 -1.44891e-05  -2.5457e-06  -0.00154101 -2.75448e-05 -0.000209387 -0.000751881 -4.99915e-05     0.203605 -2.58649e-05 -6.59244e-05 -3.30922e-05 -5.69517e-05  -9.4054e-06 -0.000617535 -0.000698996  -2.6511e-05 -1.52555e-05  -0.00089534 -6.93114e-06 -0.000374714 -0.000856955 -0.000279596 -1.88091e-06 -3.57997e-05  3.73033e-05 -8.67506e-06  4.48762e-05 -1.79008e-05  4.01634e-05  4.17162e-06  9.13545e-06  4.19408e-06 -0.000522186 -3.14038e-05  6.76258e-06  9.58207e-06  4.93302e-06 -0.000465938 -0.000306746 -4.69369e-05 -7.57398e-06  6.19198e-06  3.90059e-06 -0.000208912 -0.000143949 -4.30632e-05  -1.5082e-05 -8.22566e-07  3.64046e-06  1.00758e-05  9.05088e-06  2.50261e-06 -2.37488e-06 -2.21667e-06  4.15763e-06   3.3072e-06
 9.60361e-07 -8.28092e-06 -3.59812e-06 -1.19157e-05 -0.000154586  3.11424e-05 -4.06665e-06 -6.32669e-06 -1.64522e-06   -6.838e-06  1.53364e-06  7.00265e-07 -4.79304e-06 -1.91019e-05  6.55654e-06 -1.19142e-06 -1.01449e-05 -0.000134641 -2.76173e-06 -1.68507e-05 -4.98944e-05 -1.01284e-06 -2.58649e-05     0.203885 -3.58981e-06 -4.10351e-06  1.76023e-07 -5.00112e-05  -5.0787e-05 -8.35905e-05 -1.96779e-06  -2.4893e-06  -7.5298e-05  5.03409e-07  -2.9892e-05 -7.76656e-05 -2.17026e-05 -3.13059e-05  -2.8038e-06 -8.00141e-07  1.44368e-07 -3.23163e-06 -1.44588e-06   6.2918e-06  6.25321e-07  8.32077e-06  1.15819e-06 -4.14698e-05 -2.10696e-06 -7.20056e-07  3.72216e-06   5.8166e-06 -3.74877e-05 -2.13288e-05  2.28952e-08  5.37912e-07  2.46636e-06  3.09912e-06 -1.57972e-05 -3.28714e-06  3.21065e-07 -7.00916e-07  8.89914e-07   1.2903e-06  3.26147e-06  2.06014e-06  3.44985e-07 -8.32282e-08  9.57647e-08  1.50347e-06  9.42791e-07
-0.000166164  -2.5455e-05 -0.000139843 -0.000450476 -0.000265925  0.000463754 -0.000640526 -0.000786896 -0.000307891 -1.33613e-06 -0.000197097  2.32965e-06  3.84854e-07 -7.09996e-05 -0.000376539 -0.000486679 -8.16456e-07 -0.000357688 -0.000721967 -0.000130117 -0.000137519 -0.000662869 -6.59244e-05 -3.58981e-06      0.20347 -1.34152e-05  -0.00042946   2.8208e-06 -0.000536348 -0.000110268 -0.000495151 -2.60028e-06 -0.000504124 -0.000202118 -0.000230112 -0.000169091 -5.45479e-05  2.52203e-06 -0.000549929  -2.8086e-05 -0.000113805 -4.47346e-05 -0.000311772 -2.89478e-05   6.4176e-06  1.10493e-05 -1.34012e-05 -0.000331478 -0.000192362 -0.000206896 -9.08743e-05  6.77772e-06  -0.00021211 -0.000679239 -0.000892386 -0.000448313 -0.000227272  4.03487e-06 -0.000312811  -0.00114124  -0.00122813 -0.000598733 -0.000266954  5.60757e-06  0.000213081  0.000119777  5.02658e-06  -3.3247e-05 -1.33023e-05   0.00010339  5.88803e-05
-1.08484e-05 -0.000132681 -6.55559e-06 -4.62758e-05 -0.000303557  9.09181e-05 -6.66933e-06 -4.13037e-06 -7.11256e-06   9.0077e-06  1.33362e-07 -4.25302e-06  1.11157e-05  2.11419e-05  2.28723e-06 -2.07592e-05  9.36893e-06 -0.000291877 -1.65215e-05 -3.24619e-05 -0.000143734 -1.33582e-05 -3.30922e-05 -4.10351e-06 -1.34152e-05     0.203851  3.59055e-08 -5.00522e-07 -8.74775e-05 -0.000144336  -1.4477e-05 -3.06362e-05 -8.71342e-05 -1.31548e-05 -5.75363e-05 -0.000126165 -5.36528e-05  1.83906e-06 -1.10983e-05 -0.000175138 -8.66512e-06 -0.000167596 -7.01287e-06 -0.000150178 -6.53084e-07 -5.23844e-05 -2.26934e-06 -7.99146e-05 -4.53099e-06 -6.37441e-05 -4.78242e-05 -3.39135e-05 -7.18659e-05 -3.42495e-05 -5.75429e-07 -4.00408e-05 -4.45736e-05 -1.81251e-05 -3.50171e-05 -2.21207e-05 -1.56664e-05 -3.10425e-05 -2.53553e-05 -1.01117e-05 -1.50792e-06  2.07526e-06 -1.74838e-07 -6.58341e-07 -1.35612e-06  1.64188e-07  1.11559e-06
-0.000159501  8.19257e-06 -0.000663638  -0.00160696  0.000228677  0.000903831  -0.00247514  -0.00302775 -0.000224376 -1.12224e-06  -0.00077359  3.84119e-06 -4.65931e-05 -0.000179617  -0.00150719 -0.000388948 -1.58976e-06 -0.000223268 -0.000480529  -0.00108091  4.80801e-05 -0.000433088 -5.69517e-05  1.76023e-07  -0.00042946  3.59055e-08     0.202217  7.50147e-06  -0.00168569  0.000115744 -0.000344971 -6.84055e-05  -0.00139915 -0.000279921  -0.00191307 -3.93476e-05  6.68776e-06  4.96092e-06 -0.000311687  2.57326e-05 -0.000171556  1.18138e-05 -0.000185338  1.72067e-05  1.27847e-05  1.55146e-05 -6.97916e-05  -0.00266884 -0.000235695 -0.000111512 -3.46751e-05  7.32885e-06  -0.00236116  -0.00174475 -0.000565193 -0.000271659 -0.000116394  6.98239e-06  -0.00110069  -0.00101034 -0.000703964 -0.000409856 -0.000184662   9.1443e-06 -0.000113102 -3.60196e-05  7.24214e-06 -2.94609e-05 -3.71278e-05 -4.79861e-05 -1.74832e-05
 9.85612e-06 -4.96955e-06  1.56258e-06  1.59816e-05 -3.79578e-05  4.63842e-05  1.00722e-05  1.19303e-05  2.93037e-06 -5.89714e-05  3.83357e-06  5.19138e-06 -1.31926e-06 -7.57415e-06  1.19266e-05  1.37194e-05 -9.29345e-05  6.00629e-05  1.38373e-05 -5.35834e-06   0.00020152    5.763e-06  -9.4054e-06 -5.00112e-05   2.8208e-06 -5.00522e-07  7.50147e-06     0.203408 -1.08506e-05 -0.000181009  8.35507e-06 -4.35709e-07  -1.7881e-05  1.05738e-05 -6.76609e-06 -2.07453e-05  4.35598e-05 -0.000307217  4.27215e-06  6.22621e-06  5.29531e-06 -7.28592e-08  3.16432e-06  4.16221e-05  2.59883e-06  3.85536e-05  5.68797e-06 -7.77292e-06  2.53219e-06  3.88274e-06  2.12375e-05  2.83636e-05 -8.22584e-06  6.17969e-07  1.14777e-05  9.21563e-06  1.53536e-05  1.72875e-05 -4.33734e-06  3.36393e-06   1.8206e-05  1.41293e-05  1.07978e-05  8.60602e-06  8.27771e-06  4.94959e-06  1.33523e-06  7.09137e-07  1.35408e-06  3.97354e-06  2.42947e-06
-0.000133066 -0.000131532 -0.000746401  -0.00199902  -0.00311769   0.00148211  -0.00258471  -0.00316587 -0.000263014 -8.04378e-06 -0.000753672  6.07822e-06 -0.000155987 -0.000605883  -0.00140282 -0.000361585 -4.30462e-06  -0.00327196 -0.000474062  -0.00144194  -0.00143494 -0.000505797 -0.000617535  -5.0787e-05 -0.000536348 -8.74775e-05  -0.00168569 -1.08506e-05     0.201075  -0.00128087 -0.000359565 -0.000115657  -0.00306937 -0.000251645  -0.00256033  -0.00173747 -0.000556677  2.11592e-06 -0.000358581  -6.7096e-06 -0.000166732 -1.25048e-05 -0.000204753  1.89395e-05  2.00877e-05  2.38147e-05 -4.69538e-05  -0.00357014 -0.000283078 -0.000116023 -2.13871e-05  1.08422e-05  -0.00316753  -0.00225203 -0.000612966 -0.000257948 -8.73126e-05  1.13739e-05   -0.0014613  -0.00124968 -0.000719455 -0.000384872 -0.000159036  1.46793e-05 -6.51851e-05 -4.99859e-06  1.18121e-05 -3.09732e-05 -3.55902e-05 -2.68415e-05 -5.02627e-06
 2.84243e-05 -0.000307056 -5.36254e-05 -0.000240333  -0.00435406  0.000737845  5.07481e-05  2.02405e-05 -3.90741e-05 -2.51305e-05  9.50114e-05    3.838e-06 -0.000114664 -0.000471853  0.000273991  2.31974e-05 -3.19063e-05  -0.00402883  7.13766e-06 -0.000379008  -0.00197852 -7.20647e-05 -0.000698996 -8.35905e-05 -0.000110268 -0.000144336  0.000115744 -0.000181009  -0.00128087     0.201929 -1.72749e-05 -8.17395e-05  -0.00195519  2.92988e-05 -0.000679503  -0.00214744 -0.000728348 -0.000102073 -5.14781e-05 -0.000195911  4.21993e-06  -0.00020662 -2.09879e-05 -9.76002e-05  9.75447e-06  2.02435e-05  2.72868e-05 -0.000945865 -4.66055e-05 -6.75809e-05  -7.1924e-06  1.25157e-05  -0.00084821 -0.000508925 -2.66941e-05 -1.41151e-05   6.6983e-06  9.51337e-06  -0.00038082 -0.000233053  -1.8653e-06  1.09057e-05  1.63673e-05  8.15752e-06  5.92897e-05  3.98929e-05   6.0003e-06  9.23584e-08  1.55512e-06  2.74054e-05  1.80563e-05
-0.000836524  -1.9449e-05 -3.42992e-05  -0.00034489 -2.71744e-05  0.000865429 -0.000501501 -0.000617637 -0.000570429 -2.28171e-06 -0.000164415  3.53041e-06  4.61659e-05 -1.25008e-05 -0.000313584  -0.00218546 -1.61309e-06 -0.000120307  -0.00255685   0.00026384 -3.44344e-05 -0.000940886  -2.6511e-05 -1.96779e-06 -0.000495151  -1.4477e-05 -0.000344971  8.35507e-06 -0.000359565 -1.72749e-05      0.20205  4.44189e-05 -0.000289433  -0.00175133  0.000477079 -4.02107e-05 -2.10805e-05  4.80059e-06  -0.00101102  -5.7863e-05  -0.00141343 -0.000102233 -0.000683838 -8.40126e-05   1.1708e-05  2.04611e-05 -0.000261855  0.000637766 -0.000410883 -0.000592011 -0.000289193  1.28057e-05  0.000706389 -0.000557401  -0.00176603  -0.00133306 -0.000763886  2.58915e-06  9.29859e-05  -0.00075413    -0.002938  -0.00220737   -0.0010367  4.11609e-06 -0.000519517  0.000360805  3.15744e-06 -0.000133821 -0.000321338  1.06754e-05  0.000169823
 4.08653e-05  -0.00011618 -3.68188e-05 -9.79381e-05 -0.000164096  4.99278e-05 -0.000104707 -0.000123698  1.20918e-05  5.16367e-07 -3.21248e-05  1.28422e-07  5.32011e-06   2.1071e-05 -6.29634e-05  8.10595e-05   6.9013e-07 -0.000179215  7.58544e-05 -9.15466e-05 -8.25305e-05  2.14239e-05 -1.52555e-05  -2.4893e-06 -2.60028e-06 -3.06362e-05 -6.84055e-05 -4.35709e-07 -0.000115657 -8.17395e-05  4.44189e-05     0.203857 -9.00042e-05  5.37095e-05 -0.000162809 -6.62219e-05 -3.68789e-05   1.0572e-06  2.31055e-05 -0.000127246   2.2785e-05 -0.000142982  1.73212e-05 -8.28564e-05   3.4362e-07  1.62397e-06  2.17067e-05 -0.000225894 -8.19984e-06 -2.57253e-06  2.10825e-05  7.94363e-07  -0.00020763 -9.78428e-05  2.95809e-05  7.55898e-05   7.2428e-05  5.74274e-07 -8.03463e-05 -9.52675e-06  8.88479e-05  9.49366e-05  5.97615e-05  4.33845e-07  3.39608e-05  1.91732e-05  3.75228e-07  3.69646e-06  6.41932e-06  1.70043e-05  8.61376e-06
-7.59488e-05 -3.21297e-05 -0.000670937  -0.00184962  -0.00474059   0.00155262  -0.00220904  -0.00272501 -0.000235005 -1.15264e-05 -0.000603824  6.09348e-06 -0.000229082 -0.000858063  -0.00107265 -0.000246666 -5.76891e-06  -0.00468188 -0.000362704  -0.00142448  -0.00216046 -0.000451652  -0.00089534  -7.5298e-05 -0.000504124 -8.71342e-05  -0.00139915  -1.7881e-05  -0.00306937  -0.00195519 -0.000289433 -9.00042e-05     0.200198 -0.000172886  -0.00253423  -0.00256654 -0.000812992  6.16863e-07 -0.000312911  0.000177802 -0.000130281  0.000205164 -0.000172157  0.000161285   2.0506e-05  2.19765e-05   -1.882e-05  -0.00353344 -0.000266403 -4.43938e-06  3.69756e-05   8.7484e-06  -0.00313905  -0.00220651 -0.000546545 -0.000135374  9.26882e-06  1.14997e-05  -0.00143491  -0.00118166 -0.000582863 -0.000248463 -7.87665e-05  1.48501e-05  -2.0513e-05  1.91272e-05  1.22525e-05 -2.56975e-05 -2.85128e-05 -6.13175e-06  4.92292e-06
 -0.00118203 -1.25994e-05  4.52538e-06 -0.000266776  8.60297e-05   0.00103217 -0.000400465 -0.000489132 -0.000312374 -2.78323e-06 -0.000134388  3.34395e-06  5.51456e-05  1.24721e-05  -0.00026028  -0.00252852 -2.01436e-06 -2.68163e-06  -0.00236036  0.000352554  1.93733e-05 -0.000593108 -6.93114e-06  5.03409e-07 -0.000202118 -1.31548e-05 -0.000279921  1.05738e-05 -0.000251645  2.92988e-05  -0.00175133  5.37095e-05 -0.000172886     0.201239  0.000642708  2.35632e-05  -4.2167e-06  5.75567e-06 -0.000286823 -5.74594e-05  -0.00203567 -0.000109985 -0.000337761 -9.21017e-05  2.61815e-05  2.26999e-05 -0.000672726  0.000865969  -0.00040273 -0.000642719 -0.000327885  1.31231e-05  0.000881776 -0.000506591  -0.00167853  -0.00143849 -0.000875161  3.28907e-06  0.000322646 -0.000467762  -0.00274581  -0.00240202  -0.00124026  4.23002e-06  -0.00220155 -0.000354865  6.15145e-06 -0.000151857 -0.000518536 -0.000736292  -0.00016678
 0.000423542 -0.000120515  -0.00088117  -0.00203424  -0.00165212  0.000859414  -0.00288594   -0.0035341  5.92226e-05 -2.99786e-06 -0.000865703  2.73263e-06 -0.000148451 -0.000442463  -0.00165261  0.000880778 -1.85807e-06  -0.00201423  0.000885789  -0.00180779 -0.000807303  0.000145159 -0.000374714  -2.9892e-05 -0.000230112 -5.75363e-05  -0.00191307 -6.76609e-06  -0.00256033 -0.000679503  0.000477079 -0.000162809  -0.00253423  0.000642708      0.20068  -0.00100471 -0.000314928  2.02512e-06  0.000161957 -2.02627e-05  0.000302378 -1.03323e-05  0.000146733  2.70231e-05  8.00939e-06   1.0243e-05  0.000254124  -0.00445874 -3.32225e-05  0.000237969  0.000147948  3.08429e-06  -0.00406891  -0.00202391  0.000625489  0.000564463   0.00037201  7.60985e-06  -0.00166663 -0.000445078   0.00116444  0.000912673  0.000477594  8.33378e-06  0.000483277  0.000246346  7.37679e-06  3.55418e-05  8.08355e-05  0.000231652  0.000107401
 3.17661e-05 -0.000185425 -0.000134674 -0.000562843  -0.00509695  0.000893211 -0.000203403 -0.000271076 -6.43799e-05 -1.03449e-05  2.38385e-05  3.73206e-06 -0.000171317 -0.000663512   0.00014974  1.94746e-05 -3.87296e-06   -0.0046875 -1.71237e-05 -0.000560571  -0.00230188 -0.000119235 -0.000856955 -7.76656e-05 -0.000169091 -0.000126165 -3.93476e-05 -2.07453e-05  -0.00173747  -0.00214744 -4.02107e-05 -6.62219e-05  -0.00256654  2.35632e-05  -0.00100471     0.201306 -0.000859703  1.07541e-07 -8.06935e-05 -1.33224e-05 -7.04867e-06 -3.24255e-07 -3.57878e-05  3.01029e-05  1.14158e-05  1.79156e-05  3.03415e-05  -0.00139962 -7.91922e-05  1.69992e-06  2.66072e-05  8.67898e-06  -0.00125105 -0.000800313 -9.52856e-05   1.6296e-05  4.69678e-05  8.36384e-06 -0.000559672 -0.000375474 -5.39394e-05  1.92548e-05  3.22676e-05  9.21593e-06  6.25924e-05  4.69619e-05  7.05433e-06 -3.40317e-06 -1.35362e-06  2.95847e-05  1.92336e-05
 7.56739e-06 -0.000133848 -3.70582e-05    -0.000168  -0.00173223  0.000295381 -3.81704e-05 -5.48822e-05 -2.17625e-05  -1.3487e-05  1.70646e-05  1.00988e-05 -4.49546e-05 -0.000186937  6.60749e-05 -8.44483e-06 -7.69616e-06  -0.00161711  -1.5438e-05 -0.000175589 -0.000823728 -4.01401e-05 -0.000279596 -2.17026e-05 -5.45479e-05 -5.36528e-05  6.68776e-06  4.35598e-05 -0.000556677 -0.000728348 -2.10805e-05 -3.68789e-05 -0.000812992  -4.2167e-06 -0.000314928 -0.000859703     0.203577  3.17844e-05 -2.81188e-05 -4.29577e-05 -1.04068e-05  -0.00010012 -1.36542e-05  3.41229e-05  7.45131e-06  0.000108517  8.88537e-06 -0.000438821 -2.48077e-05 -3.79916e-05  2.84906e-05  6.91398e-05  -0.00039255 -0.000243427 -2.60872e-05 -1.97603e-05  1.57781e-05  3.77103e-05 -0.000176593 -0.000115088 -2.37947e-05  -1.4311e-05  9.20193e-06  2.45109e-05  1.37159e-05  1.59189e-05   4.0569e-06 -1.36058e-06 -2.13814e-06  7.74526e-06  7.25589e-06
 6.09854e-06  1.89681e-06  1.80072e-06  1.32099e-05   4.0601e-06  2.30981e-05  7.42983e-06  8.91964e-06  1.94627e-06 -3.85189e-05  2.32864e-06  4.23471e-06 -5.34085e-07 -3.13099e-06   6.9073e-06  7.57245e-06 -6.00431e-05  6.46525e-05  7.62757e-06  1.38705e-07  0.000140826   3.8273e-06 -1.88091e-06 -3.13059e-05  2.52203e-06  1.83906e-06  4.96092e-06 -0.000307217  2.11592e-06 -0.000102073  4.80059e-06   1.0572e-06  6.16863e-07  5.75567e-06  2.02512e-06  1.07541e-07  3.17844e-05     0.203698  2.76801e-06  1.22114e-05  2.92928e-06  5.35155e-06   1.9362e-06  3.57085e-05  1.97388e-06  3.12293e-05   3.3213e-06   3.8421e-06  1.84614e-06  3.87467e-06  1.67142e-05  2.21686e-05  2.74482e-06  4.36203e-06  6.50117e-06   5.6605e-06   1.2079e-05  1.35926e-05  7.01866e-07  3.57526e-06  1.01049e-05  7.98679e-06  7.76376e-06  7.67623e-06   4.2575e-06  2.68893e-06  9.81515e-07  3.90425e-07  7.25907e-07  2.05839e-06  1.35623e-06
-0.000337111 -2.00243e-05 -6.39885e-05 -0.000320171 -0.000115487  0.000504131 -0.000458747 -0.000566881 -0.000547115 -1.44784e-06 -0.000146211  2.99513e-06  2.54502e-05 -2.94111e-05 -0.000276977   -0.0011285 -9.66221e-07 -0.000190117   -0.0016794  9.04447e-05 -7.04166e-05 -0.000889137 -3.57997e-05  -2.8038e-06 -0.000549929 -1.10983e-05 -0.000311687  4.27215e-06 -0.000358581 -5.14781e-05  -0.00101102  2.31055e-05 -0.000312911 -0.000286823  0.000161957 -8.06935e-05 -2.81188e-05  2.76801e-06     0.202754  -4.2744e-05 -4.37166e-05 -6.79772e-05 -0.000662658 -5.18869e-05  6.96516e-06  1.28759e-05  1.14469e-05  0.000208726 -0.000275205 -0.000369474 -0.000176008  8.08368e-06   0.00030171 -0.000471229  -0.00125144 -0.000826849 -0.000449803  2.24546e-06 -0.000136646 -0.000870914  -0.00205533  -0.00129208 -0.000552359  4.58006e-06  0.000760345  0.000332694  5.24062e-06 -5.90634e-05  2.59092e-05  0.000334604  0.000162461
 -6.9004e-05 -0.000580153  6.66819e-06 -7.98024e-05 -0.000287751  0.000238509  3.89205e-05  7.26761e-05 -2.24957e-05  6.65549e-05  2.65749e-06 -3.16895e-05  9.16878e-05  0.000249421 -8.52934e-06 -0.000104275  6.69876e-05 -0.000315632 -7.79817e-05 -1.28565e-05 -0.000153914 -4.36339e-05  3.73033e-05 -8.00141e-07  -2.8086e-05 -0.000175138  2.57326e-05  6.22621e-06  -6.7096e-06 -0.000195911  -5.7863e-05 -0.000127246  0.000177802 -5.74594e-05 -2.02627e-05 -1.33224e-05 -4.29577e-05  1.22114e-05  -4.2744e-05      0.20301 -2.48707e-05 -0.000784754 -2.93045e-05 -0.000828549 -1.38436e-05 -0.000386446 -2.41605e-05 -2.71405e-05 -1.19298e-06 -0.000305074 -0.000286785 -0.000249775 -2.51007e-05  3.56993e-05  1.61206e-05 -0.000203847 -0.000261127   -0.0001333 -2.94845e-05 -2.78938e-05 -7.18114e-05 -0.000158699 -0.000148596 -7.55445e-05 -8.49101e-06 -6.71247e-06 -6.73709e-06 -2.08972e-06 -2.39947e-06 -3.99231e-06 -1.98792e-06
-0.000554502 -7.62797e-06 -7.85534e-06  -0.00016664   2.1351e-05  0.000531118 -0.000248718 -0.000305348 -0.000142919 -1.49155e-06 -8.26426e-05   3.0602e-06  2.29245e-05 -3.88466e-06 -0.000159903  -0.00135317 -1.03049e-06 -3.04615e-05  -0.00128275  0.000166607 -2.66759e-06 -0.000351518 -8.67506e-06  1.44368e-07 -0.000113805 -8.66512e-06 -0.000171556  5.29531e-06 -0.000166732  4.21993e-06  -0.00141343   2.2785e-05 -0.000130281  -0.00203567  0.000302378 -7.04867e-06 -1.04068e-05  2.92928e-06 -4.37166e-05 -2.48707e-05      0.20167 -5.14953e-05 -0.000137072 -4.62331e-05  3.85435e-06  1.15114e-05 -0.000168648  0.000406834 -0.000223757 -0.000315114 -0.000151761  6.27425e-06  0.000423305 -0.000348941 -0.000942809 -0.000709593 -0.000409194  3.07311e-06  0.000142785  -0.00039827  -0.00147516   -0.0012001 -0.000598341  5.44123e-06  -0.00136161  0.000592444 -1.97912e-06  -0.00011642 -0.000540708  -0.00010356  0.000264696
-8.11995e-05 -0.000658114  4.55475e-06 -0.000102398 -0.000288979  0.000237135  1.97942e-05  5.22191e-05 -3.87075e-05  1.05683e-06 -5.22236e-06  2.51415e-06  0.000105726  0.000285779 -2.63951e-05 -0.000175802  1.46673e-06 -0.000334186 -0.000150449 -7.60808e-06 -0.000173699 -7.56226e-05  4.48762e-05 -3.23163e-06 -4.47346e-05 -0.000167596  1.18138e-05 -7.28592e-08 -1.25048e-05  -0.00020662 -0.000102233 -0.000142982  0.000205164 -0.000109985 -1.03323e-05 -3.24255e-07  -0.00010012  5.35155e-06 -6.79772e-05 -0.000784754 -5.14953e-05     0.202994 -4.72891e-05 -0.000544742  4.31573e-06  2.85358e-05 -3.14727e-05 -1.41967e-05 -1.54963e-05 -0.000361024 -0.000157363  2.01969e-05 -9.30766e-06  1.57041e-05 -4.08729e-05 -0.000262031  -0.00021101  8.16743e-06 -3.08433e-05 -6.55035e-05 -0.000165699 -0.000236478 -0.000142456   5.9016e-06 -4.45648e-05 -1.92056e-05  2.28122e-06 -5.45527e-06 -8.71566e-06 -2.12366e-05 -6.06373e-06
-0.000280959 -1.23611e-05 -3.19461e-05 -0.000188921  -4.5319e-05   0.00035004 -0.000271426 -0.000334768 -0.000327456 -9.99061e-07 -8.74576e-05  2.07983e-06   1.9158e-05  -1.2238e-05 -0.000166127 -0.000828139  -6.7372e-07 -9.15804e-05   -0.0011252  8.14471e-05 -3.12237e-05 -0.000522137 -1.79008e-05 -1.44588e-06 -0.000311772 -7.01287e-06 -0.000185338  3.16432e-06 -0.000204753 -2.09879e-05 -0.000683838  1.73212e-05 -0.000172157 -0.000337761  0.000146733 -3.57878e-05 -1.36542e-05   1.9362e-06 -0.000662658 -2.93045e-05 -0.000137072 -4.72891e-05     0.203494 -3.67739e-05  5.40033e-06  8.64981e-06 -4.93094e-05  0.000193007 -0.000179757 -0.000255229 -0.000124568  5.29571e-06  0.000242246 -0.000274745 -0.000799486 -0.000570982 -0.000320723  1.46771e-06 -4.07514e-05  -0.00046037  -0.00133582 -0.000910364 -0.000405712  3.09908e-06  0.000277533  0.000139374  3.01551e-06 -4.31446e-05 -1.47246e-05   0.00012789  6.93518e-05
