     8     8     1
Nonzero entries:
(0.697123,0) (-0.376446,1) (0.594656,2) (3.34284e-12,3) (0.624417,4) (0.537975,5) (0.74796,6) (0.642001,7) (-0.376446,0) (24.8968,1) (-0.0962584,2) (6.57108e-13,3) (-0.102667,4) (-0.00828278,5) (-0.0921691,6) (-0.141483,7) (0.594656,0) (-0.0962584,1) (0.607754,2) (3.12634e-12,3) (0.633677,4) (0.621885,5) (0.662301,6) (0.680244,7) (3.34284e-12,0) (6.57108e-13,1) (3.12634e-12,2) (25,3) (-4.82781e-14,4) (2.55755e-12,5) (3.51573e-12,6) (3.93478e-12,7) (0.624417,0) (-0.102667,1) (0.633677,2) (-4.82781e-14,3) (0.863805,4) (0.644651,5) (0.703303,6) (0.615711,7) (0.537975,0) (-0.00828278,1) (0.621885,2) (2.55755e-12,3) (0.644651,4) (0.686251,5) (0.591739,6) (0.717074,7) (0.74796,0) (-0.0921691,1) (0.662301,2) (3.51573e-12,3) (0.703303,4) (0.591739,5) (1.00131,6) (0.657081,7) (0.642001,0) (-0.141483,1) (0.680244,2) (3.93478e-12,3) (0.615711,4) (0.717074,5) (0.657081,6) (0.833855,7) 

Outer pointers:
0 8 16 24 32 40 48 56  $

0.697123 -0.376446 0.594656 3.34284e-12 0.624417 0.537975 0.74796 0.642001 
-0.376446 24.8968 -0.0962584 6.57108e-13 -0.102667 -0.00828278 -0.0921691 -0.141483 
0.594656 -0.0962584 0.607754 3.12634e-12 0.633677 0.621885 0.662301 0.680244 
3.34284e-12 6.57108e-13 3.12634e-12 25 -4.82781e-14 2.55755e-12 3.51573e-12 3.93478e-12 
0.624417 -0.102667 0.633677 -4.82781e-14 0.863805 0.644651 0.703303 0.615711 
0.537975 -0.00828278 0.621885 2.55755e-12 0.644651 0.686251 0.591739 0.717074 
0.74796 -0.0921691 0.662301 3.51573e-12 0.703303 0.591739 1.00131 0.657081 
0.642001 -0.141483 0.680244 3.93478e-12 0.615711 0.717074 0.657081 0.833855 
* row and column names
HK2
HK1
RCH1
RCH2
HK6
HK3
HK4
HK5
