     8     8     1
Nonzero entries:
(0.681586,0) (-0.37272,1) (0.581848,2) (-2.6003e-12,3) (0.611023,4) (0.527222,5) (0.73263,6) (0.627738,7) (-0.37272,0) (24.8988,1) (-0.0955732,2) (6.33806e-13,3) (-0.1016,4) (-0.00981392,5) (-0.0917848,6) (-0.140299,7) (0.581848,0) (-0.0955732,1) (0.597311,2) (-2.36518e-12,3) (0.622837,4) (0.613244,5) (0.649893,6) (0.668559,7) (-2.6003e-12,0) (6.33806e-13,1) (-2.36518e-12,2) (25,3) (-2.47155e-12,4) (-2.75843e-12,5) (-4.70681e-12,6) (-3.20585e-12,7) (0.611023,0) (-0.1016,1) (0.622837,2) (-2.47155e-12,3) (0.85245,4) (0.635744,5) (0.690389,6) (0.603618,7) (0.527222,0) (-0.00981392,1) (0.613244,2) (-2.75843e-12,3) (0.635744,4) (0.679249,5) (0.581571,6) (0.707351,7) (0.73263,0) (-0.0917848,1) (0.649893,2) (-4.70681e-12,3) (0.690389,4) (0.581571,5) (0.986261,6) (0.643244,7) (0.627738,0) (-0.140299,1) (0.668559,2) (-3.20585e-12,3) (0.603618,4) (0.707351,5) (0.643244,6) (0.820774,7) 

Outer pointers:
0 8 16 24 32 40 48 56  $

0.681586 -0.37272 0.581848 -2.6003e-12 0.611023 0.527222 0.73263 0.627738 
-0.37272 24.8988 -0.0955732 6.33806e-13 -0.1016 -0.00981392 -0.0917848 -0.140299 
0.581848 -0.0955732 0.597311 -2.36518e-12 0.622837 0.613244 0.649893 0.668559 
-2.6003e-12 6.33806e-13 -2.36518e-12 25 -2.47155e-12 -2.75843e-12 -4.70681e-12 -3.20585e-12 
0.611023 -0.1016 0.622837 -2.47155e-12 0.85245 0.635744 0.690389 0.603618 
0.527222 -0.00981392 0.613244 -2.75843e-12 0.635744 0.679249 0.581571 0.707351 
0.73263 -0.0917848 0.649893 -4.70681e-12 0.690389 0.581571 0.986261 0.643244 
0.627738 -0.140299 0.668559 -3.20585e-12 0.603618 0.707351 0.643244 0.820774 
* row and column names
HK2
HK1
RCH1
RCH2
HK6
HK3
HK4
HK5
